0 3 0.18277184
0 9 0.11445344
0 25 0.22368871
0 47 0.16043463
0 50 0.14098346
0 63 0.22257827
0 80 0.13473254
0 82 0.20847771
0 84 0.14798432
0 128 0.18346313
1 6 0.19866980
1 28 0.21416867
1 31 0.12006218
1 49 0.19464774
1 79 0.20124323
1 109 0.09402812
1 129 0.17164291
1 131 0.10643340
1 134 0.11740145
1 139 0.15893564
1 613 0.14448322
1 682 0.11840557
1 763 0.12832566
1 837 0.18415177
1 841 0.22502901
1 869 0.12376712
2 37 0.18368005
2 78 0.20758599
2 114 0.19863666
2 126 0.17014511
2 333 0.05885419
2 754 0.19243509
2 879 0.16206388
3 0 0.18277184
3 23 0.08516119
3 25 0.15224239
3 47 0.14546075
3 63 0.19798896
3 128 0.16167018
4 13 0.35102562
4 16 0.12062098
4 29 0.39672944
4 33 0.43470350
4 39 0.31109918
4 56 0.49009358
4 72 0.43659841
4 135 0.08089784
4 148 0.43009232
5 41 0.22940284
5 42 0.25172579
5 122 0.29818169
5 127 0.14530463
5 147 0.16802265
5 832 0.12364730
6 1 0.19866980
6 23 0.09433556
6 28 0.17707235
6 34 0.15828747
6 73 0.18484825
6 79 0.26236123
6 117 0.14176662
6 125 0.05375150
6 131 0.09892674
6 132 0.20561825
6 869 0.10900641
7 45 0.10612442
7 135 0.04674729
7 391 0.04711458
7 740 0.05161266
7 895 0.05806734
8 28 0.15804525
8 43 0.24855865
8 54 0.21761391
8 57 0.15489720
8 74 0.13395547
8 104 0.11798291
8 754 0.14260136
9 0 0.11445344
9 25 0.15902124
9 50 0.11140027
9 60 0.10758289
9 128 0.13746786
9 498 0.07229100
10 28 0.11836697
10 74 0.10358100
10 136 0.10314163
10 232 0.08108462
10 675 0.09439119
10 757 0.09869289
11 17 0.19262087
11 24 0.18426559
11 59 0.17115205
11 64 0.16549284
11 87 0.14949365
11 102 0.12483260
11 333 0.05541009
12 39 0.09445208
12 56 0.07287348
12 72 0.09816439
12 144 0.07606076
12 148 0.08045272
12 652 0.04619795
13 4 0.35102562
13 29 0.32062242
13 56 0.73083231
13 72 0.38356331
13 148 0.35854732
14 44 0.09544602
14 111 0.32331661
14 146 0.12325056
14 843 0.17462330
14 887 0.07398809
15 24 0.18261613
15 59 0.17538420
15 67 0.18810339
15 124 0.14881740
15 138 0.10184302
15 141 0.20271135
15 406 0.06752535
16 4 0.12062098
16 29 0.14244695
16 56 0.11780096
16 72 0.15277608
16 148 0.11955876
16 681 0.04641607
16 702 0.11468947
17 11 0.19262087
17 24 0.28400614
17 32 0.22360280
17 59 0.26057010
17 64 0.17249937
17 87 0.22855745
17 95 0.17659109
17 102 0.09576268
17 760 0.05155517
18 27 0.12653562
18 32 0.11170329
18 64 0.24138557
18 103 0.17399846
18 104 0.16849785
18 125 0.05737935
18 291 0.06455772
19 23 0.10521663
19 57 0.37999953
19 92 0.10188439
19 119 0.13886384
19 158 0.06924561
19 725 0.08820002
20 57 0.10915249
20 82 0.09476668
20 105 0.15117702
20 751 0.09378764
20 760 0.04731529
20 773 0.08490776
20 855 0.10371562
21 30 0.35982101
21 98 0.08685976
21 105 0.18146129
21 126 0.08612867
21 134 0.21144860
21 670 0.07300527
22 50 0.08595244
22 54 0.06948674
22 90 0.07572190
22 633 0.06209946
22 696 0.07489404
22 768 0.07245708
23 3 0.08516119
23 6 0.09433556
23 19 0.10521663
23 65 0.08310908
23 79 0.13724250
23 703 0.14697671
24 11 0.18426559
24 15 0.18261613
24 17 0.28400614
24 32 0.39162518
24 59 0.65981381
24 67 0.17046044
24 73 0.18847178
24 75 0.15757429
24 87 0.35453116
24 90 0.21045277
24 95 0.27258540
24 124 0.14770576
24 141 0.33823960
24 335 0.07812239
24 760 0.05028049
25 0 0.22368871
25 3 0.15224239
25 9 0.15902124
25 50 0.16174752
25 60 0.16677049
25 63 0.16711584
25 80 0.14181733
25 82 0.16572479
25 84 0.30771504
25 128 0.19920469
26 34 0.12841839
26 73 0.10945930
26 132 0.17324746
26 436 0.06984192
26 881 0.15756775
26 887 0.09839607
27 18 0.12653562
27 43 0.08140530
27 126 0.09289631
27 144 0.22015495
27 542 0.09585706
27 896 0.05765607
28 1 0.21416867
28 6 0.17707235
28 8 0.15804525
28 10 0.11836697
28 31 0.10564472
28 34 0.12773524
28 57 0.12167553
28 68 0.23852652
28 79 0.17849699
28 98 0.15895344
28 109 0.09783702
28 111 0.13586986
28 119 0.18083959
28 129 0.17525251
28 133 0.12477180
28 134 0.12282052
28 136 0.14281900
28 139 0.16627599
28 600 0.17796500
28 635 0.10773918
28 661 0.14754731
28 711 0.12212683
28 717 0.13043383
28 724 0.10910682
28 740 0.08311329
28 763 0.12997656
28 776 0.04974022
28 778 0.05206464
28 805 0.09054852
28 808 0.21998892
28 817 0.12730186
28 842 0.06114074
28 864 0.09985110
28 869 0.12527466
28 892 0.09640645
29 4 0.39672944
29 13 0.32062242
29 16 0.14244695
29 33 0.53634109
29 39 0.35894476
29 56 0.41892543
29 58 0.06919726
29 69 0.10000529
29 72 0.61718551
29 93 0.08801016
29 118 0.07298270
29 137 0.10975211
29 148 0.45878293
29 332 0.07871132
29 616 0.11694132
29 637 0.08509293
29 661 0.15036851
29 662 0.11534927
29 689 0.10779876
29 693 0.09015046
29 699 0.13661405
29 717 0.13410240
29 719 0.08231486
29 728 0.11134373
29 739 0.27118458
29 741 0.11264831
29 757 0.11691675
29 771 0.06599392
29 791 0.10408896
29 827 0.13643042
29 868 0.10624895
29 882 0.04725481
29 891 0.11571326
30 21 0.35982101
30 57 0.07647281
30 105 0.08226890
30 134 0.23353474
30 670 0.08576606
31 1 0.12006218
31 28 0.10564472
31 133 0.10353386
31 784 0.11098870
31 822 0.10486489
32 17 0.22360280
32 18 0.11170329
32 24 0.39162518
32 59 0.34944819
32 87 0.28082440
32 92 0.17420820
32 95 0.25459531
32 103 0.13403714
33 4 0.43470350
33 29 0.53634109
33 39 0.36645220
33 56 0.43122500
33 72 0.61957328
33 148 0.39363100
33 739 0.25984384
34 6 0.15828747
34 26 0.12841839
34 28 0.12773524
34 117 0.13568876
34 132 0.17718356
34 869 0.12173351
34 881 0.09706021
35 50 0.12539367
35 60 0.15199905
35 63 0.20395978
35 69 0.11821156
35 82 0.21231531
35 94 0.13041428
36 98 0.06138852
36 112 0.10264923
36 625 0.06525936
36 680 0.06018845
36 710 0.13200761
37 2 0.18368005
37 78 0.13968664
37 100 0.70318004
37 114 0.15096454
37 126 0.14518593
38 66 0.08716477
38 83 0.25842007
38 136 0.10884268
38 289 0.08892272
38 825 0.08934719
39 4 0.31109918
39 12 0.09445208
39 29 0.35894476
39 33 0.36645220
39 72 0.42253351
39 148 0.36902364
39 739 0.18409289
39 771 0.07152042
39 821 0.07125574
39 825 0.08423357
40 53 0.10085223
40 106 0.11467352
40 121 0.13909828
40 140 0.18160582
40 768 0.11854566
41 5 0.22940284
41 42 0.25604824
41 53 0.11646416
41 116 0.19337818
41 122 0.33089909
42 5 0.25172579
42 41 0.25604824
42 53 0.10334952
42 92 0.09115315
42 122 0.33761197
42 743 0.10699066
43 8 0.24855865
43 27 0.08140530
43 54 0.22372506
43 74 0.14830113
43 754 0.16998144
43 824 0.06992174
43 845 0.08110962
43 853 0.18068356
43 871 0.06799938
43 879 0.15588858
44 14 0.09544602
44 72 0.21576339
44 146 0.57171150
44 843 0.10195779
44 855 0.06761487
45 7 0.10612442
45 97 0.07543962
45 635 0.07056643
45 737 0.06863694
45 850 0.09030564
46 162 0.05494631
46 299 0.06711156
46 510 0.06105497
46 824 0.05065672
46 838 0.05829355
46 889 0.05336561
47 0 0.16043463
47 3 0.14546075
47 60 0.15590894
47 63 0.17613089
47 64 0.15844096
47 82 0.15768940
47 703 0.06105288
47 734 0.10804480
47 748 0.08232253
48 62 0.18117865
48 102 0.08755457
48 443 0.09527366
48 782 0.09928308
48 792 0.07698740
49 1 0.19464774
49 57 0.12484271
49 66 0.18179207
49 98 0.16868275
49 99 0.63026041
49 129 0.15684290
49 136 0.20285911
49 139 0.20804511
49 682 0.13245882
49 711 0.12211706
49 740 0.07511721
49 782 0.11385563
49 805 0.09434595
49 820 0.12723186
50 0 0.14098346
50 9 0.11140027
50 22 0.08595244
50 25 0.16174752
50 35 0.12539367
50 60 0.13934455
50 82 0.15233687
50 768 0.16090618
50 838 0.10966591
51 69 0.25224297
51 624 0.10220102
51 641 0.10634562
51 716 0.08914190
51 731 0.10158247
52 65 0.07653015
52 83 0.44837996
52 89 0.17046169
52 108 0.66660855
52 142 0.18768681
52 603 0.11961817
52 731 0.12477789
53 40 0.10085223
53 41 0.11646416
53 42 0.10334952
53 70 0.27944279
53 115 0.16712972
53 122 0.15466701
53 127 0.12183088
53 706 0.09964451
53 765 0.05963342
53 877 0.07361444
54 8 0.21761391
54 22 0.06948674
54 43 0.22372506
54 754 0.16623148
54 830 0.12729459
54 844 0.12357530
55 66 0.18451631
55 129 0.13739792
55 132 0.13158274
55 513 0.07288279
55 768 0.25191917
55 893 0.12728114
56 4 0.49009358
56 12 0.07287348
56 13 0.73083231
56 16 0.11780096
56 29 0.41892543
56 33 0.43122500
56 72 0.51030830
56 148 0.47957586
57 8 0.15489720
57 19 0.37999953
57 20 0.10915249
57 28 0.12167553
57 30 0.07647281
57 49 0.12484271
57 139 0.12366167
58 29 0.06919726
58 72 0.06080208
58 79 0.09912756
58 705 0.06236380
58 739 0.06240070
59 11 0.17115205
59 15 0.17538420
59 17 0.26057010
59 24 0.65981381
59 32 0.34944819
59 75 0.14009244
59 87 0.32011173
59 90 0.28848095
59 95 0.24365230
59 141 0.26937653
59 335 0.06537123
59 703 0.06830687
60 9 0.10758289
60 25 0.16677049
60 35 0.15199905
60 47 0.15590894
60 50 0.13934455
60 63 0.28423869
60 80 0.19285314
60 82 0.22989947
60 107 0.44052659
60 135 0.10626884
60 209 0.03621895
60 818 0.09175588
60 823 0.11281168
60 840 0.15411064
61 88 0.14741159
61 656 0.10929258
61 667 0.10016964
61 736 0.15143280
61 743 0.11227678
61 753 0.11684208
61 800 0.04330842
62 48 0.18117865
62 102 0.11103559
62 761 0.06057485
62 772 0.05492640
62 825 0.05007662
63 0 0.22257827
63 3 0.19798896
63 25 0.16711584
63 35 0.20395978
63 47 0.17613089
63 60 0.28423869
63 80 0.13076749
63 82 0.19999091
63 128 0.15694813
63 135 0.09723544
64 11 0.16549284
64 17 0.17249937
64 18 0.24138557
64 47 0.15844096
64 68 0.38864854
64 102 0.08959412
64 104 0.13837062
64 332 0.07566558
64 738 0.17400953
64 818 0.05174133
65 23 0.08310908
65 52 0.07653015
65 83 0.07992509
65 125 0.16541711
65 419 0.04425528
65 876 0.07565827
66 38 0.08716477
66 49 0.18179207
66 55 0.18451631
66 86 0.08947991
66 99 0.16951915
66 129 0.14487308
66 768 0.24851690
67 15 0.18810339
67 24 0.17046044
67 98 0.18295033
67 101 0.08155822
67 124 0.17765176
67 141 0.18173857
68 28 0.23852652
68 64 0.38864854
68 103 0.10026357
68 119 0.24938164
68 212 0.05566610
68 441 0.04773712
68 600 0.19584047
68 677 0.08764505
68 738 0.19069437
68 791 0.10442546
68 808 0.29477868
69 29 0.10000529
69 35 0.11821156
69 51 0.25224297
69 610 0.10617830
69 641 0.09754620
70 53 0.27944279
70 98 0.11959251
70 115 0.15839823
70 120 0.07161407
70 122 0.15425294
70 127 0.11568433
70 703 0.06088191
70 706 0.10115526
71 770 0.14485953
71 795 0.12444842
71 798 0.16088174
71 819 0.05847265
71 820 0.12474200
71 899 0.16262716
72 4 0.43659841
72 12 0.09816439
72 13 0.38356331
72 16 0.15277608
72 29 0.61718551
72 33 0.61957328
72 39 0.42253351
72 44 0.21576339
72 56 0.51030830
72 58 0.06080208
72 146 0.20470869
72 148 0.54651944
72 649 0.09325497
72 728 0.11324849
72 739 0.28116301
72 769 0.07762637
72 862 0.09777222
72 886 0.08013966
73 6 0.18484825
73 24 0.18847178
73 26 0.10945930
73 90 0.19582318
73 111 0.12094430
73 117 0.19647380
73 132 0.76615695
73 763 0.10892987
73 887 0.09293336
74 8 0.13395547
74 10 0.10358100
74 43 0.14830113
74 104 0.12321398
74 116 0.14440533
74 136 0.17318282
74 139 0.14603928
75 24 0.15757429
75 59 0.14009244
75 77 0.33761409
75 86 0.12271737
75 89 0.09347434
75 115 0.13004489
75 131 0.11273367
75 141 0.16754690
75 409 0.05583490
76 91 0.15841621
76 94 0.16606487
76 97 0.37015703
76 107 0.23186969
76 113 0.09887412
76 143 0.17866010
76 302 0.05849370
76 839 0.05899794
77 75 0.33761409
77 85 0.25166760
77 86 0.16323554
77 105 0.15222336
77 115 0.16976670
78 2 0.20758599
78 37 0.13968664
78 101 0.14576723
78 106 0.11468487
78 114 0.75292136
78 144 0.08875235
79 1 0.20124323
79 6 0.26236123
79 23 0.13724250
79 28 0.17849699
79 58 0.09912756
79 98 0.16793408
79 132 0.16051126
79 420 0.08994638
79 434 0.07875157
79 545 0.05017512
79 606 0.12502594
79 676 0.13772381
79 763 0.11057910
79 849 0.10874798
79 869 0.12293219
80 0 0.13473254
80 25 0.14181733
80 60 0.19285314
80 63 0.13076749
80 82 0.11223437
81 662 0.14164163
81 754 0.22851920
81 852 0.14232485
81 879 0.14782102
81 898 0.20119511
82 0 0.20847771
82 20 0.09476668
82 25 0.16572479
82 35 0.21231531
82 47 0.15768940
82 50 0.15233687
82 60 0.22989947
82 63 0.19999091
82 80 0.11223437
82 128 0.16561834
82 734 0.13704796
83 38 0.25842007
83 52 0.44837996
83 65 0.07992509
83 89 0.15085787
83 108 0.28746697
83 142 0.18877524
83 684 0.12713680
84 0 0.14798432
84 25 0.30771504
84 91 0.18993168
84 94 0.17195273
84 99 0.18731973
84 825 0.10239202
85 77 0.25166760
85 258 0.07274836
85 595 0.07298919
85 655 0.14876683
85 683 0.05598041
85 704 0.13231766
86 66 0.08947991
86 75 0.12271737
86 77 0.16323554
86 105 0.20244513
86 115 0.19856410
87 11 0.14949365
87 17 0.22855745
87 24 0.35453116
87 32 0.28082440
87 59 0.32011173
87 95 0.21699037
87 145 0.15629515
87 347 0.05748540
87 754 0.21317928
87 844 0.17480868
87 856 0.13636436
88 61 0.14741159
88 160 0.05281375
88 451 0.05354574
88 725 0.06045311
88 899 0.07096899
89 52 0.17046169
89 75 0.09347434
89 83 0.15085787
89 108 0.09791362
89 142 0.14882510
90 22 0.07572190
90 24 0.21045277
90 59 0.28848095
90 73 0.19582318
90 132 0.16187836
90 141 0.20412527
90 838 0.08949193
90 871 0.07021504
91 76 0.15841621
91 84 0.18993168
91 94 0.32549453
91 97 0.18064409
91 107 0.12831688
92 19 0.10188439
92 32 0.17420820
92 42 0.09115315
92 98 0.12032473
92 625 0.10587724
93 29 0.08801016
93 315 0.05772403
93 739 0.07750816
93 789 0.08307967
93 807 0.07510259
93 874 0.07896073
94 35 0.13041428
94 76 0.16606487
94 84 0.17195273
94 91 0.32549453
94 97 0.20372885
94 113 0.18033043
94 143 0.11955165
94 673 0.08556482
94 790 0.04708916
94 892 0.08149843
95 17 0.17659109
95 24 0.27258540
95 32 0.25459531
95 59 0.24365230
95 87 0.21699037
95 103 0.09885669
95 401 0.05743909
96 754 0.13077483
96 830 0.11278005
96 839 0.11934114
96 844 0.12562144
96 864 0.12603492
97 45 0.07543962
97 76 0.37015703
97 91 0.18064409
97 94 0.20372885
97 107 0.33338409
97 113 0.12989045
97 119 0.10437494
97 143 0.24912137
97 302 0.06425154
98 21 0.08685976
98 28 0.15895344
98 36 0.06138852
98 49 0.16868275
98 67 0.18295033
98 70 0.11959251
98 79 0.16793408
98 92 0.12032473
98 109 0.08902501
98 111 0.11628606
98 118 0.07760351
98 137 0.12083829
98 139 0.15427465
98 244 0.07928659
98 298 0.12271804
98 403 0.06622838
98 545 0.04776200
98 608 0.09282695
98 613 0.11596713
98 625 0.18201870
98 635 0.08980801
98 668 0.15808862
98 676 0.14057411
98 721 0.15153826
98 724 0.12405929
98 741 0.11885432
98 764 0.07154069
98 797 0.08995019
98 803 0.10472261
98 805 0.08456909
98 816 0.14460725
98 820 0.13051729
98 823 0.09210206
98 835 0.08500639
98 849 0.09731248
98 877 0.08789244
98 878 0.06216458
99 49 0.63026041
99 66 0.16951915
99 84 0.18731973
99 756 0.15075974
99 844 0.14536098
100 37 0.70318004
100 602 0.11753632
100 641 0.09717140
100 644 0.12865126
100 688 0.08772367
100 718 0.08891497
100 779 0.06492057
100 865 0.05014294
101 67 0.08155822
101 78 0.14576723
101 114 0.16005474
101 126 0.22649928
101 480 0.07999208
102 11 0.12483260
102 17 0.09576268
102 48 0.08755457
102 62 0.11103559
102 64 0.08959412
102 763 0.10061970
103 18 0.17399846
103 32 0.13403714
103 68 0.10026357
103 95 0.09885669
103 625 0.10528297
104 8 0.11798291
104 18 0.16849785
104 64 0.13837062
104 74 0.12321398
104 139 0.15110707
105 20 0.15117702
105 21 0.18146129
105 30 0.08226890
105 77 0.15222336
105 86 0.20244513
105 115 0.17358544
105 126 0.12113329
106 40 0.11467352
106 78 0.11468487
106 114 0.16118553
106 121 0.13022517
106 140 0.14533749
106 144 0.15706734
106 321 0.07167452
106 360 0.10532301
106 768 0.14544261
106 797 0.09266862
107 60 0.44052659
107 76 0.23186969
107 91 0.12831688
107 97 0.33338409
107 143 0.14635237
107 754 0.17552690
107 818 0.10146969
107 823 0.10203229
107 879 0.16527944
108 52 0.66660855
108 83 0.28746697
108 89 0.09791362
108 142 0.12286620
108 603 0.09832022
108 731 0.12171109
108 800 0.09297222
109 1 0.09402812
109 28 0.09783702
109 98 0.08902501
109 139 0.09645912
109 298 0.10614595
110 206 0.03891039
110 336 0.03540357
110 446 0.04288266
110 776 0.04459115
110 845 0.04153222
111 14 0.32331661
111 28 0.13586986
111 73 0.12094430
111 98 0.11628606
111 132 0.12621158
111 536 0.07007538
111 843 0.10882883
111 887 0.11420149
112 36 0.10264923
112 740 0.06154236
112 770 0.09104430
112 798 0.11922701
112 854 0.05253886
113 76 0.09887412
113 94 0.18033043
113 97 0.12989045
113 651 0.10672006
113 789 0.12432153
114 2 0.19863666
114 37 0.15096454
114 78 0.75292136
114 101 0.16005474
114 106 0.16118553
114 144 0.13007039
114 360 0.07691202
115 53 0.16712972
115 70 0.15839823
115 75 0.13004489
115 77 0.16976670
115 86 0.19856410
115 105 0.17358544
115 562 0.14801318
116 41 0.19337818
116 74 0.14440533
116 122 0.14095417
116 127 0.12701119
116 706 0.11081157
117 6 0.14176662
117 34 0.13568876
117 73 0.19647380
117 131 0.11928218
117 132 0.16848894
117 140 0.16125081
117 142 0.15129822
117 305 0.08412471
117 838 0.09246334
118 29 0.07298270
118 98 0.07760351
118 625 0.08077996
118 699 0.07288019
118 755 0.09456813
119 19 0.13886384
119 28 0.18083959
119 68 0.24938164
119 97 0.10437494
119 808 0.44373776
120 70 0.07161407
120 123 0.11983833
120 281 0.07876173
120 652 0.05723471
120 724 0.07485011
120 752 0.06544647
120 771 0.07112634
120 792 0.07735937
121 40 0.13909828
121 106 0.13022517
121 130 0.38160457
121 133 0.14507659
121 140 0.17091601
121 149 0.16649755
121 166 0.07231192
121 633 0.07661108
121 768 0.31432036
121 784 0.16448587
122 5 0.29818169
122 41 0.33089909
122 42 0.33761197
122 53 0.15466701
122 70 0.15425294
122 116 0.14095417
122 127 0.15212995
122 147 0.17255874
122 687 0.07784246
123 120 0.11983833
123 177 0.04652913
123 230 0.04294747
123 281 0.03484949
123 810 0.04021812
124 15 0.14881740
124 24 0.14770576
124 67 0.17765176
124 131 0.19240778
124 141 0.15876803
125 6 0.05375150
125 18 0.05737935
125 65 0.16541711
125 143 0.10283931
125 616 0.04817728
126 2 0.17014511
126 21 0.08612867
126 27 0.09289631
126 37 0.14518593
126 101 0.22649928
126 105 0.12113329
126 688 0.12044163
126 718 0.10222034
127 5 0.14530463
127 53 0.12183088
127 70 0.11568433
127 116 0.12701119
127 122 0.15212995
127 147 0.13549153
127 602 0.14234752
127 613 0.11834767
127 679 0.08903496
127 716 0.10868453
127 774 0.11460965
127 808 0.09890824
127 816 0.14360604
127 832 0.12725613
127 873 0.10204433
128 0 0.18346313
128 3 0.16167018
128 9 0.13746786
128 25 0.19920469
128 63 0.15694813
128 82 0.16561834
129 1 0.17164291
129 28 0.17525251
129 49 0.15684290
129 55 0.13739792
129 66 0.14487308
129 768 0.17782930
129 841 0.18503001
129 872 0.03821835
130 121 0.38160457
130 133 0.14525941
130 149 0.14440276
130 633 0.07469091
130 771 0.69431188
130 784 0.16478896
130 847 0.11315425
130 868 0.10898704
131 1 0.10643340
131 6 0.09892674
131 75 0.11273367
131 117 0.11928218
131 124 0.19240778
132 6 0.20561825
132 26 0.17324746
132 34 0.17718356
132 55 0.13158274
132 73 0.76615695
132 79 0.16051126
132 90 0.16187836
132 111 0.12621158
132 117 0.16848894
132 763 0.11790447
132 887 0.11541352
133 28 0.12477180
133 31 0.10353386
133 121 0.14507659
133 130 0.14525941
133 149 0.14471515
133 714 0.07398870
133 784 0.19579073
133 872 0.04348457
134 1 0.11740145
134 21 0.21144860
134 28 0.12282052
134 30 0.23353474
134 670 0.06683184
134 841 0.10946813
135 4 0.08089784
135 7 0.04674729
135 60 0.10626884
135 63 0.09723544
135 138 0.10524937
135 840 0.09587894
136 10 0.10314163
136 28 0.14281900
136 38 0.10884268
136 49 0.20285911
136 74 0.17318282
136 139 0.24139238
136 536 0.08885128
136 711 0.11136347
136 721 0.16245664
136 782 0.13658176
136 805 0.08721536
136 823 0.13101658
136 864 0.11120769
137 29 0.10975211
137 98 0.12083829
137 721 0.09663329
137 739 0.09603840
137 817 0.09880916
138 15 0.10184302
138 135 0.10524937
138 209 0.03737608
138 788 0.36336069
138 801 0.47394072
138 846 0.41889651
139 1 0.15893564
139 28 0.16627599
139 49 0.20804511
139 57 0.12366167
139 74 0.14603928
139 98 0.15427465
139 104 0.15110707
139 109 0.09645912
139 136 0.24139238
139 782 0.10747304
140 40 0.18160582
140 106 0.14533749
140 117 0.16125081
140 121 0.17091601
140 141 0.53607032
140 768 0.15962800
141 15 0.20271135
141 24 0.33823960
141 59 0.26937653
141 67 0.18173857
141 75 0.16754690
141 90 0.20412527
141 124 0.15876803
141 140 0.53607032
141 233 0.06108567
141 283 0.12302610
141 335 0.08003145
141 391 0.06382379
142 52 0.18768681
142 83 0.18877524
142 89 0.14882510
142 108 0.12286620
142 117 0.15129822
142 768 0.15298584
142 838 0.12225792
143 76 0.17866010
143 94 0.11955165
143 97 0.24912137
143 107 0.14635237
143 125 0.10283931
143 302 0.05006886
144 12 0.07606076
144 27 0.22015495
144 78 0.08875235
144 106 0.15706734
144 114 0.13007039
144 360 0.08554501
144 797 0.08894119
145 87 0.15629515
145 754 0.21222296
145 818 0.05510515
145 830 0.14214119
145 844 0.17677830
145 898 0.14260952
146 14 0.12325056
146 44 0.57171150
146 72 0.20470869
146 675 0.07083275
146 843 0.10366379
147 5 0.16802265
147 122 0.17255874
147 127 0.13549153
147 630 0.13303358
147 631 0.09211331
147 832 0.10904407
148 4 0.43009232
148 12 0.08045272
148 13 0.35854732
148 16 0.11955876
148 29 0.45878293
148 33 0.39363100
148 39 0.36902364
148 56 0.47957586
148 72 0.54651944
149 121 0.16649755
149 130 0.14440276
149 133 0.14471515
149 784 0.20592141
149 832 0.10203349
150 159 0.14338503
150 168 0.08725562
150 177 0.07593010
150 224 0.10140341
150 231 0.21480709
150 235 0.08032616
150 242 0.11649761
150 251 0.05465653
150 266 0.08628803
150 267 0.10831132
151 210 0.07973234
151 217 0.07243990
151 261 0.06721603
151 281 0.07868199
151 282 0.07283936
151 401 0.05621859
151 865 0.05139773
152 177 0.12820797
152 202 0.08017571
152 212 0.08841178
152 276 0.07823889
152 298 0.09351099
153 175 0.07022027
153 182 0.27620667
153 185 0.11941014
153 189 0.10898650
153 191 0.08889966
153 210 0.12352499
153 238 0.11663237
153 242 0.12516160
153 243 0.13613532
153 260 0.07420369
153 277 0.11967560
153 278 0.24480795
153 299 0.11170161
154 256 0.08544928
154 269 0.54431302
154 273 0.08678959
154 281 0.06894957
154 290 0.10210319
155 216 0.07235755
155 249 0.06144493
155 252 0.48501275
155 272 0.07577116
155 593 0.06324887
156 165 0.11338115
156 173 0.07575491
156 199 0.06405817
156 226 0.05915232
156 295 0.11261049
156 298 0.06588601
157 158 0.06243570
157 167 0.16594189
157 259 0.09708536
157 261 0.09250809
157 262 0.05989896
157 265 0.08018982
157 274 0.08676228
158 19 0.06924561
158 157 0.06243570
158 160 0.06207612
158 225 0.07475501
158 298 0.06232206
159 150 0.14338503
159 168 0.06671614
159 202 0.08153616
159 220 0.09307135
159 266 0.08456501
159 267 0.14216916
160 88 0.05281375
160 158 0.06207612
160 193 0.36121203
160 204 0.06308391
160 248 0.39313173
160 290 0.06462876
161 173 0.13367427
161 183 0.10757649
161 197 0.10707103
161 270 0.23328603
161 891 0.08685762
162 46 0.05494631
162 263 0.06535784
162 274 0.09310620
162 283 0.07855876
162 369 0.08187481
162 373 0.03978705
162 510 0.13605904
162 530 0.08496296
163 174 0.06575967
163 187 0.06031853
163 244 0.06237188
163 260 0.06139954
163 278 0.08973395
163 289 0.07177910
163 652 0.04501758
164 229 0.08773033
164 232 0.08871017
164 240 0.08067625
164 254 0.06503667
164 294 0.08017461
164 351 0.10476235
165 156 0.11338115
165 180 0.05253297
165 199 0.19064892
165 221 0.10335009
165 222 0.07667139
165 226 0.07242699
165 251 0.07478007
165 263 0.07698771
165 266 0.09747626
165 282 0.11208012
165 295 0.13539661
166 121 0.07231192
166 202 0.11091772
166 206 0.11159948
166 257 0.07081555
166 292 0.11691951
166 451 0.05519737
167 157 0.16594189
167 176 0.07259456
167 259 0.08411263
167 265 0.10399276
167 289 0.07886262
167 298 0.09325327
168 150 0.08725562
168 159 0.06671614
168 230 0.06698104
168 267 0.05953850
168 276 0.05985042
169 175 0.11091782
169 182 0.12865922
169 191 0.10058879
169 245 0.09646450
169 278 0.09712841
170 213 0.24645490
170 227 0.15544705
170 241 0.08918616
170 247 0.10507148
170 257 0.45030699
170 282 0.10438566
170 491 0.08159827
171 189 0.07343831
171 213 0.07738838
171 257 0.09751425
171 264 0.06956869
171 278 0.06980177
172 200 0.55070222
172 253 0.10351588
172 298 0.08866349
172 381 0.07978902
172 464 0.05289843
172 600 0.08803200
173 156 0.07575491
173 161 0.13367427
173 192 0.10726617
173 197 0.12261916
173 232 0.08135553
173 236 0.12695714
173 295 0.09579172
174 163 0.06575967
174 182 0.12688706
174 184 0.18107953
174 187 0.07527435
174 194 0.07387991
174 205 0.19174781
174 260 0.08783003
174 292 0.09951768
174 293 0.08591628
175 153 0.07022027
175 169 0.11091782
175 182 0.15235300
175 202 0.10122715
175 278 0.11204571
176 167 0.07259456
176 231 0.09693921
176 233 0.08048042
176 234 0.06853374
176 243 0.07216497
176 289 0.07048059
177 123 0.04652913
177 150 0.07593010
177 152 0.12820797
177 193 0.07586578
177 216 0.07242124
177 229 0.07305181
177 298 0.08273957
178 190 0.05539046
178 204 0.10922761
178 229 0.12336039
178 253 0.13655008
178 267 0.12581952
178 268 0.08823341
178 294 0.11408698
178 297 0.15175990
178 687 0.06074307
179 216 0.06530438
179 226 0.08189292
179 293 0.06870052
179 523 0.05762417
179 593 0.06918029
180 165 0.05253297
180 266 0.12915079
180 288 0.07123795
180 368 0.04813468
180 391 0.04589424
181 182 0.07708487
181 207 0.07531234
181 228 0.07400023
181 283 0.06581729
181 299 0.14173620
182 153 0.27620667
182 169 0.12865922
182 174 0.12688706
182 175 0.15235300
182 181 0.07708487
182 229 0.12913297
182 243 0.11237155
182 263 0.05384497
182 264 0.05529255
182 277 0.10017299
182 278 0.18087070
182 287 0.03911407
182 299 0.15445974
183 161 0.10757649
183 240 0.08079356
183 242 0.08095692
183 269 0.07426399
183 281 0.12931654
183 286 0.10074805
183 432 0.06708461
184 174 0.18107953
184 205 0.11218620
184 220 0.07397262
184 228 0.06146784
184 273 0.06196398
185 153 0.11941014
185 210 0.16157888
185 215 0.16698632
185 217 0.20528294
185 224 0.11910612
185 238 0.10275764
185 261 0.10649882
185 277 0.08018321
186 223 0.09665791
186 228 0.12901104
186 250 0.09206771
186 252 0.05176581
186 256 0.12469836
186 273 0.13657971
186 290 0.13972454
187 163 0.06031853
187 174 0.07527435
187 217 0.06003265
187 265 0.06306922
187 536 0.06153506
188 206 0.07283720
188 220 0.04956869
188 265 0.07210228
188 274 0.05608387
188 299 0.07665843
189 153 0.10898650
189 171 0.07343831
189 192 0.07421640
189 193 0.09744131
189 194 0.07215545
189 238 0.09294021
189 242 0.12694449
189 260 0.06855018
189 281 0.10071991
189 290 0.09618131
190 178 0.05539046
190 205 0.06106087
190 209 0.04560674
190 271 0.08631267
190 288 0.11205905
190 654 0.06303650
191 153 0.08889966
191 169 0.10058879
191 210 0.14368330
191 215 0.10735091
191 237 0.08168206
191 281 0.10975263
192 173 0.10726617
192 189 0.07421640
192 197 0.08237441
192 236 0.09226329
192 724 0.09791088
193 160 0.36121203
193 177 0.07586578
193 189 0.09744131
193 220 0.06652928
193 238 0.13532766
193 248 0.62041036
193 276 0.12690422
193 290 0.12974556
193 292 0.12474206
194 174 0.07387991
194 189 0.07215545
194 260 0.05777922
194 265 0.18531946
194 292 0.08617112
195 210 0.06312982
195 217 0.05198105
195 243 0.05305737
195 281 0.07248013
195 876 0.05325016
196 203 0.21587205
196 223 0.12981203
196 229 0.10522300
196 246 0.07826405
196 259 0.12326912
196 273 0.12702260
196 275 0.08131294
197 161 0.10707103
197 173 0.12261916
197 192 0.08237441
197 219 0.07892459
197 281 0.09568945
197 327 0.08074253
198 210 0.06711096
198 256 0.07899238
198 285 0.04732641
198 438 0.04839577
198 753 0.05156620
199 156 0.06405817
199 165 0.19064892
199 221 0.09692250
199 251 0.12307625
199 266 0.08688047
199 282 0.13786370
200 172 0.55070222
200 229 0.09802474
200 253 0.14347814
200 294 0.08729834
200 298 0.08591174
200 412 0.06368875
201 218 0.11137455
201 255 0.11796328
201 272 0.06653609
201 276 0.07413974
201 281 0.06316148
202 152 0.08017571
202 159 0.08153616
202 166 0.11091772
202 175 0.10122715
202 223 0.08919790
202 240 0.08682479
202 272 0.07762085
202 278 0.20539360
203 196 0.21587205
203 205 0.09985187
203 219 0.04185738
203 242 0.13935606
203 246 0.10941346
203 259 0.15742357
203 275 0.09260847
203 285 0.09912502
203 393 0.07050392
204 160 0.06308391
204 178 0.10922761
204 214 0.17006050
204 229 0.10699075
204 253 0.12004046
204 297 0.11190055
204 633 0.04981920
205 174 0.19174781
205 184 0.11218620
205 190 0.06106087
205 203 0.09985187
205 217 0.10573480
205 261 0.08185558
205 271 0.08507124
205 276 0.09694870
205 498 0.08998955
206 110 0.03891039
206 166 0.11159948
206 188 0.07283720
206 368 0.09314912
206 394 0.06645194
206 451 0.06898144
207 181 0.07531234
207 214 0.09843952
207 245 0.07660507
207 294 0.09175736
207 299 0.10428329
207 423 0.06421971
208 217 0.41631681
208 224 0.19144321
208 228 0.11878443
208 270 0.44667313
208 271 0.08835580
208 273 0.11332193
208 285 0.10593817
209 60 0.03621895
209 138 0.03737608
209 190 0.04560674
209 288 0.06911063
209 474 0.07298622
210 151 0.07973234
210 153 0.12352499
210 185 0.16157888
210 191 0.14368330
210 195 0.06312982
210 198 0.06711096
210 215 0.36634396
210 237 0.10741924
210 240 0.12511159
210 245 0.10949503
210 275 0.06586849
210 278 0.11565765
211 239 0.05592301
211 268 0.16765042
211 281 0.06516405
211 288 0.08904257
211 360 0.06554431
211 418 0.06297263
212 68 0.05566610
212 152 0.08841178
212 276 0.05919875
212 433 0.08301079
212 687 0.07077640
213 170 0.24645490
213 171 0.07738838
213 227 0.07827840
213 240 0.08051501
213 246 0.06239897
213 257 0.67825898
213 264 0.07333502
214 204 0.17006050
214 207 0.09843952
214 229 0.11741089
214 230 0.09315938
214 253 0.10463576
214 294 0.11918486
214 296 0.17358563
215 185 0.16698632
215 191 0.10735091
215 210 0.36634396
215 227 0.38684004
215 237 0.09506489
215 241 0.34728107
215 245 0.12802875
215 275 0.06579135
215 282 0.32854836
215 291 0.07811363
215 866 0.07360338
216 155 0.07235755
216 177 0.07242124
216 179 0.06530438
216 225 0.07867240
216 240 0.08707200
216 298 0.08390976
216 875 0.03856591
217 151 0.07243990
217 185 0.20528294
217 187 0.06003265
217 195 0.05198105
217 205 0.10573480
217 208 0.41631681
217 218 0.13346906
217 224 0.22196887
217 225 0.09694463
217 231 0.08822560
217 248 0.08501681
217 261 0.11474843
217 270 0.19113246
217 271 0.09123467
217 285 0.13659459
218 201 0.11137455
218 217 0.13346906
218 255 0.10875959
218 261 0.13496584
218 272 0.08595115
218 276 0.10092028
218 287 0.03690476
219 197 0.07892459
219 203 0.04185738
219 327 0.04756265
219 459 0.06494003
219 594 0.04876231
220 159 0.09307135
220 184 0.07397262
220 188 0.04956869
220 193 0.06652928
220 289 0.06872090
220 292 0.06861004
221 165 0.10335009
221 199 0.09692250
221 234 0.09728123
221 258 0.07197964
221 266 0.07544682
222 165 0.07667139
222 263 0.07799609
222 284 0.06369009
222 295 0.10655374
222 390 0.07608879
223 186 0.09665791
223 196 0.12981203
223 202 0.08919790
223 240 0.20488979
223 250 0.21836631
223 265 0.09414794
223 270 0.14439299
223 273 0.33114700
223 276 0.08431840
223 290 0.24269448
224 150 0.10140341
224 185 0.11910612
224 208 0.19144321
224 217 0.22196887
224 225 0.11221271
224 578 0.10778273
225 158 0.07475501
225 216 0.07867240
225 217 0.09694463
225 224 0.11221271
225 237 0.09151982
225 245 0.10887177
225 251 0.06768719
225 283 0.09487819
225 465 0.08001115
225 501 0.09782297
225 578 0.10277673
226 156 0.05915232
226 165 0.07242699
226 179 0.08189292
226 231 0.05551096
226 298 0.06010462
227 170 0.15544705
227 213 0.07827840
227 215 0.38684004
227 236 0.12191121
227 241 0.57794354
227 247 0.09055134
227 257 0.12495033
227 282 0.52213773
228 181 0.07400023
228 184 0.06146784
228 186 0.12901104
228 208 0.11878443
228 250 0.09641423
228 256 0.12826396
228 271 0.11217998
228 273 0.14501409
228 290 0.13082835
228 551 0.04182780
229 164 0.08773033
229 177 0.07305181
229 178 0.12336039
229 182 0.12913297
229 196 0.10522300
229 200 0.09802474
229 204 0.10699075
229 214 0.11741089
229 230 0.12736483
229 232 0.06855404
229 253 0.19133054
229 267 0.18088496
229 294 0.77451805
229 297 0.13095861
230 123 0.04294747
230 168 0.06698104
230 214 0.09315938
230 229 0.12736483
230 253 0.09693228
230 264 0.06937188
230 267 0.12329131
230 294 0.11379162
231 150 0.21480709
231 176 0.09693921
231 217 0.08822560
231 226 0.05551096
231 234 0.05095934
231 235 0.09397660
231 248 0.14620077
231 262 0.06254597
232 10 0.08108462
232 164 0.08871017
232 173 0.08135553
232 229 0.06855404
232 298 0.08476891
233 141 0.06108567
233 176 0.08048042
233 271 0.06291666
233 279 0.05878062
233 281 0.07278587
233 472 0.04307326
234 176 0.06853374
234 221 0.09728123
234 231 0.05095934
234 270 0.08139082
234 285 0.05472910
235 150 0.08032616
235 231 0.09397660
235 242 0.07609558
235 262 0.05293124
235 278 0.08877164
235 621 0.06194601
235 865 0.05251445
236 173 0.12695714
236 192 0.09226329
236 227 0.12191121
236 241 0.11302949
236 282 0.12555058
237 191 0.08168206
237 210 0.10741924
237 215 0.09506489
237 225 0.09151982
237 278 0.06604889
237 378 0.06452245
238 153 0.11663237
238 185 0.10275764
238 189 0.09294021
238 193 0.13532766
238 242 0.12366173
238 243 0.08737809
238 276 0.08571725
239 211 0.05592301
239 320 0.05662043
239 388 0.06333046
239 465 0.05799598
239 682 0.06424391
240 164 0.08067625
240 183 0.08079356
240 202 0.08682479
240 210 0.12511159
240 213 0.08051501
240 216 0.08707200
240 223 0.20488979
240 273 0.09554708
240 290 0.09590700
240 465 0.12788299
241 170 0.08918616
241 215 0.34728107
241 227 0.57794354
241 236 0.11302949
241 247 0.06857927
241 282 0.45428853
242 150 0.11649761
242 153 0.12516160
242 183 0.08095692
242 189 0.12694449
242 203 0.13935606
242 235 0.07609558
242 238 0.12366173
242 243 0.09485721
242 277 0.27057875
243 153 0.13613532
243 176 0.07216497
243 182 0.11237155
243 195 0.05305737
243 238 0.08737809
243 242 0.09485721
243 277 0.12549841
243 291 0.06480281
244 98 0.07928659
244 163 0.06237188
244 296 0.08268745
244 307 0.09051111
244 535 0.08008498
244 887 0.08280824
245 169 0.09646450
245 207 0.07660507
245 210 0.10949503
245 215 0.12802875
245 225 0.10887177
245 246 0.09178804
245 291 0.16444613
245 578 0.06183898
246 196 0.07826405
246 203 0.10941346
246 213 0.06239897
246 245 0.09178804
246 259 0.10869975
247 170 0.10507148
247 227 0.09055134
247 241 0.06857927
247 257 0.07315993
247 282 0.06626953
248 160 0.39313173
248 193 0.62041036
248 217 0.08501681
248 231 0.14620077
248 290 0.10571132
249 155 0.06144493
249 260 0.19418314
249 265 0.06824430
249 289 0.15888603
249 292 0.06098033
250 186 0.09206771
250 223 0.21836631
250 228 0.09641423
250 273 0.16225999
250 290 0.14097648
251 150 0.05465653
251 165 0.07478007
251 199 0.12307625
251 225 0.06768719
251 282 0.06760128
252 155 0.48501275
252 186 0.05176581
252 272 0.05473874
252 533 0.05886651
252 568 0.05322520
253 172 0.10351588
253 178 0.13655008
253 200 0.14347814
253 204 0.12004046
253 214 0.10463576
253 229 0.19133054
253 230 0.09693228
253 256 0.10512169
253 279 0.06527469
253 294 0.15520976
253 297 0.13145333
254 164 0.06503667
254 547 0.12207729
254 560 0.07354068
254 568 0.14230187
254 589 0.09104053
255 201 0.11796328
255 218 0.10875959
255 272 0.07793996
255 401 0.05800071
255 775 0.07399693
255 793 0.30938895
256 154 0.08544928
256 186 0.12469836
256 198 0.07899238
256 228 0.12826396
256 253 0.10512169
256 269 0.08925269
256 273 0.15378077
256 290 0.15548108
257 166 0.07081555
257 170 0.45030699
257 171 0.09751425
257 213 0.67825898
257 227 0.12495033
257 247 0.07315993
257 264 0.08886397
257 274 0.07589541
258 85 0.07274836
258 221 0.07197964
258 266 0.11003478
258 325 0.07343699
258 379 0.07905741
258 402 0.12767681
258 419 0.04389394
258 448 0.07763416
259 157 0.09708536
259 167 0.08411263
259 196 0.12326912
259 203 0.15742357
259 246 0.10869975
259 275 0.17425427
260 153 0.07420369
260 163 0.06139954
260 174 0.08783003
260 189 0.06855018
260 194 0.05777922
260 249 0.19418314
260 289 0.10957588
261 151 0.06721603
261 157 0.09250809
261 185 0.10649882
261 205 0.08185558
261 217 0.11474843
261 218 0.13496584
261 382 0.06842302
262 157 0.05989896
262 231 0.06254597
262 235 0.05293124
262 278 0.07392016
262 436 0.05016285
263 162 0.06535784
263 165 0.07698771
263 182 0.05384497
263 222 0.07799609
263 385 0.05363406
264 171 0.06956869
264 182 0.05529255
264 213 0.07333502
264 230 0.06937188
264 257 0.08886397
265 157 0.08018982
265 167 0.10399276
265 187 0.06306922
265 188 0.07210228
265 194 0.18531946
265 223 0.09414794
265 249 0.06824430
265 289 0.08526958
265 292 0.10457926
265 293 0.06629945
265 296 0.09485539
266 150 0.08628803
266 159 0.08456501
266 165 0.09747626
266 180 0.12915079
266 199 0.08688047
266 221 0.07544682
266 258 0.11003478
267 150 0.10831132
267 159 0.14216916
267 168 0.05953850
267 178 0.12581952
267 229 0.18088496
267 230 0.12329131
267 286 0.12088099
267 294 0.17106138
267 297 0.11804870
268 178 0.08823341
268 211 0.16765042
268 279 0.51981561
268 281 0.07727900
268 288 0.09143828
268 748 0.07591022
269 154 0.54431302
269 183 0.07426399
269 256 0.08925269
269 273 0.08770328
269 290 0.10219912
270 161 0.23328603
270 208 0.44667313
270 217 0.19113246
270 223 0.14439299
270 234 0.08139082
270 273 0.11794929
270 415 0.05891162
271 190 0.08631267
271 205 0.08507124
271 208 0.08835580
271 217 0.09123467
271 228 0.11217998
271 233 0.06291666
271 274 0.06878618
272 155 0.07577116
272 201 0.06653609
272 202 0.07762085
272 218 0.08595115
272 252 0.05473874
272 255 0.07793996
272 298 0.07308426
273 154 0.08678959
273 184 0.06196398
273 186 0.13657971
273 196 0.12702260
273 208 0.11332193
273 223 0.33114700
273 228 0.14501409
273 240 0.09554708
273 250 0.16225999
273 256 0.15378077
273 269 0.08770328
273 270 0.11794929
273 287 0.04497548
273 290 0.22706028
274 157 0.08676228
274 162 0.09310620
274 188 0.05608387
274 257 0.07589541
274 271 0.06878618
274 284 0.06953958
275 196 0.08131294
275 203 0.09260847
275 210 0.06586849
275 215 0.06579135
275 259 0.17425427
276 152 0.07823889
276 168 0.05985042
276 193 0.12690422
276 201 0.07413974
276 205 0.09694870
276 212 0.05919875
276 218 0.10092028
276 223 0.08431840
276 238 0.08571725
277 153 0.11967560
277 182 0.10017299
277 185 0.08018321
277 242 0.27057875
277 243 0.12549841
278 153 0.24480795
278 163 0.08973395
278 169 0.09712841
278 171 0.06980177
278 175 0.11204571
278 182 0.18087070
278 202 0.20539360
278 210 0.11565765
278 235 0.08877164
278 237 0.06604889
278 262 0.07392016
278 299 0.10758097
279 233 0.05878062
279 253 0.06527469
279 268 0.51981561
279 481 0.06116676
279 531 0.06118261
280 338 0.07605904
280 339 0.07445156
280 386 0.07898587
280 389 0.07304682
280 396 0.08727715
281 120 0.07876173
281 123 0.03484949
281 151 0.07868199
281 154 0.06894957
281 183 0.12931654
281 189 0.10071991
281 191 0.10975263
281 195 0.07248013
281 197 0.09568945
281 201 0.06316148
281 211 0.06516405
281 233 0.07278587
281 268 0.07727900
281 283 0.10411697
281 441 0.04300405
281 865 0.05500709
282 151 0.07283936
282 165 0.11208012
282 170 0.10438566
282 199 0.13786370
282 215 0.32854836
282 227 0.52213773
282 236 0.12555058
282 241 0.45428853
282 247 0.06626953
282 251 0.06760128
283 141 0.12302610
283 162 0.07855876
283 181 0.06581729
283 225 0.09487819
283 281 0.10411697
283 284 0.10049841
283 285 0.12023933
283 373 0.02789360
284 222 0.06369009
284 274 0.06953958
284 283 0.10049841
284 449 0.05083544
284 508 0.06636089
284 525 0.07497134
284 570 0.15770955
285 198 0.04732641
285 203 0.09912502
285 208 0.10593817
285 217 0.13659459
285 234 0.05472910
285 283 0.12023933
285 288 0.17943744
286 183 0.10074805
286 267 0.12088099
286 490 0.08952766
286 577 0.11217926
286 675 0.07515725
287 182 0.03911407
287 218 0.03690476
287 273 0.04497548
287 299 0.03752743
287 856 0.03898688
288 180 0.07123795
288 190 0.11205905
288 209 0.06911063
288 211 0.08904257
288 268 0.09143828
288 285 0.17943744
288 298 0.08221579
289 38 0.08892272
289 163 0.07177910
289 167 0.07886262
289 176 0.07048059
289 220 0.06872090
289 249 0.15888603
289 260 0.10957588
289 265 0.08526958
289 292 0.10227388
290 154 0.10210319
290 160 0.06462876
290 186 0.13972454
290 189 0.09618131
290 193 0.12974556
290 223 0.24269448
290 228 0.13082835
290 240 0.09590700
290 248 0.10571132
290 250 0.14097648
290 256 0.15548108
290 269 0.10219912
290 273 0.22706028
290 295 0.08313497
291 18 0.06455772
291 215 0.07811363
291 243 0.06480281
291 245 0.16444613
291 411 0.06864786
292 166 0.11691951
292 174 0.09951768
292 193 0.12474206
292 194 0.08617112
292 220 0.06861004
292 249 0.06098033
292 265 0.10457926
292 289 0.10227388
292 293 0.07413487
292 402 0.08200066
293 174 0.08591628
293 179 0.06870052
