0 8 0.15925074
0 52 0.20438597
0 58 0.21043913
0 104 0.27926692
0 122 0.26885697
0 723 0.07338524
1 40 0.10945930
1 88 0.08373176
1 108 0.07472388
1 631 0.15756775
1 708 0.09839607
2 27 0.05082353
2 38 0.13085939
2 61 0.12313865
2 77 0.15085787
2 108 0.11420124
2 728 0.13202462
3 19 0.18088932
3 21 0.18337318
3 28 0.20961237
3 54 0.64841928
3 76 0.29281315
3 124 0.17523716
3 540 0.08160755
3 621 0.09108835
3 692 0.06105449
4 6 0.10385751
4 18 0.21032615
4 68 0.15380324
4 76 0.11877107
4 98 0.07777522
4 504 0.09060261
4 525 0.13453708
4 578 0.05755021
4 601 0.08061196
4 630 0.04830551
4 701 0.10617085
4 702 0.04735930
5 12 0.16854090
5 35 0.21559006
5 42 0.15020779
5 45 0.16801138
5 85 0.15969536
5 109 0.11497034
5 655 0.09985007
6 4 0.10385751
6 43 0.19715793
6 114 0.10737595
6 525 0.09328551
6 545 0.07528858
6 616 0.09039087
7 19 0.14291740
7 73 0.14497105
7 89 0.13533097
7 96 0.19251361
7 110 0.19381108
7 119 0.14637249
7 120 0.12257372
7 568 0.09492669
7 713 0.08825723
8 0 0.15925074
8 52 0.15892235
8 58 0.16969513
8 104 0.19921260
8 122 0.20619382
8 509 0.06070576
9 33 0.14634669
9 628 0.26043227
9 644 0.14865399
9 725 0.19529499
9 735 0.15071272
10 21 0.05483500
10 25 0.26206872
10 47 0.05460119
10 453 0.07221035
10 639 0.06884960
11 21 0.07256430
11 22 0.06919601
11 106 0.07146269
11 579 0.13634437
11 626 0.07259748
12 5 0.16854090
12 31 0.23034006
12 81 0.17269612
12 123 0.21243631
12 655 0.12622851
12 688 0.24769619
12 691 0.19209089
13 47 0.09829892
13 49 0.40247072
13 66 0.13040895
13 99 0.11787439
13 102 0.13313169
13 726 0.10074335
14 63 0.12538235
14 75 0.11631654
14 90 0.15287857
14 95 0.17814934
14 555 0.09216952
15 56 0.39119558
15 571 0.07681120
15 587 0.06757476
15 609 0.06974391
15 720 0.17149382
16 64 0.07809021
16 84 0.42115324
16 114 0.08965493
16 121 0.08213018
16 328 0.06099555
16 564 0.07716883
17 23 0.11391681
17 48 0.30122533
17 79 0.15085799
17 90 0.12075049
17 111 0.16339147
17 733 0.08484508
18 4 0.21032615
18 44 0.14158893
18 70 0.07583549
18 94 0.08873497
18 464 0.08879163
18 611 0.18719072
19 3 0.18088932
19 7 0.14291740
19 33 0.15563298
19 54 0.20293062
19 73 0.14087495
19 94 0.16052336
19 102 0.15053415
19 110 0.12943231
19 112 0.12431563
19 120 0.11990256
19 611 0.08022196
19 704 0.04411285
20 34 0.16137452
20 72 0.14764055
20 92 0.06064960
20 96 0.10246839
20 105 0.17038652
20 123 0.20269603
21 3 0.18337318
21 10 0.05483500
21 11 0.07256430
21 28 0.39821958
21 54 0.15906801
21 59 0.11003460
21 66 0.20551899
21 76 0.43843686
21 116 0.15623781
21 218 0.07203958
21 373 0.06116417
21 582 0.09720122
21 587 0.11553836
21 610 0.06905724
21 611 0.07191644
21 627 0.09727604
22 11 0.06919601
22 26 0.11566503
22 32 0.08663512
22 81 0.19558951
22 97 0.15883221
22 579 0.11459380
22 603 0.13486060
22 626 0.17048526
22 635 0.21128363
22 645 0.17478701
22 679 0.08881697
22 704 0.03907791
22 722 0.20326421
23 17 0.11391681
23 79 0.34046884
23 90 0.11820211
23 111 0.11139812
23 626 0.09643354
23 712 0.08723636
24 33 0.11004436
24 60 0.25597950
24 77 0.31346816
24 94 0.10496481
24 113 0.23979168
25 10 0.26206872
25 437 0.05667235
25 617 0.05079337
25 690 0.07006856
25 740 0.08112765
25 741 0.07320824
25 745 0.08864387
26 22 0.11566503
26 81 0.16850390
26 206 0.07164030
26 626 0.10822402
26 691 0.15098692
26 728 0.14677800
27 2 0.05082353
27 32 0.04972022
27 61 0.15911126
27 77 0.05457571
27 728 0.04904213
28 3 0.20961237
28 21 0.39821958
28 54 0.16375406
28 76 0.54036707
28 100 0.16873178
28 449 0.09266968
28 578 0.06036615
29 37 0.21814665
29 69 0.23364883
29 95 0.19844401
29 105 0.13673105
29 114 0.18293088
30 50 0.10594066
30 82 0.05771691
30 388 0.03757206
30 397 0.04381176
30 430 0.03377941
31 12 0.23034006
31 33 0.16868527
31 635 0.16323271
31 691 0.20331241
31 715 0.16041952
32 22 0.08663512
32 27 0.04972022
32 44 0.12043087
32 67 0.08887553
32 93 0.09192527
32 115 0.12726250
32 568 0.08340781
33 9 0.14634669
33 19 0.15563298
33 24 0.11004436
33 31 0.16868527
33 35 0.20574757
33 45 0.19458462
33 94 0.20274087
33 102 0.17082015
33 134 0.06684459
33 641 0.22544040
33 642 0.26250402
33 644 0.37350515
33 668 0.21900588
33 670 0.22446240
33 678 0.20536260
33 683 0.20180033
33 711 0.18953712
33 715 0.29890507
33 727 0.23856462
33 735 0.30043390
33 744 0.29572009
33 748 0.16154171
34 20 0.16137452
34 54 0.21660867
34 72 0.14405693
34 102 0.24343990
34 104 0.26242564
34 123 0.16439047
34 586 0.06482763
34 734 0.04999986
35 5 0.21559006
35 33 0.20574757
35 39 0.15840869
35 42 0.22312860
35 44 0.16326890
35 45 0.67483091
35 85 0.18713482
35 94 0.21909828
35 108 0.12093612
35 109 0.20369941
35 684 0.05834762
36 69 0.11675057
36 89 0.06229099
36 112 0.05914741
36 609 0.06273546
36 667 0.10502226
37 29 0.21814665
37 51 0.11623994
37 69 0.19437590
37 95 0.16516428
37 105 0.18697006
37 114 0.13529570
38 2 0.13085939
38 61 0.14222036
38 77 0.15418791
38 108 0.33665398
38 652 0.10402163
38 728 0.13399142
39 35 0.15840869
39 42 0.13428090
39 85 0.13366808
39 103 0.10542769
39 108 0.11339130
40 1 0.10945930
40 42 0.23933933
40 85 0.22554846
40 88 0.24016916
40 103 0.25099273
40 688 0.16794279
40 708 0.09293336
41 65 0.53156067
41 71 0.09458039
41 91 0.24717284
41 672 0.08943900
41 686 0.07580378
42 5 0.15020779
42 35 0.22312860
42 39 0.13428090
42 40 0.23933933
42 85 0.37577071
42 88 0.20772209
42 103 0.22521553
42 108 0.11839871
42 123 0.16612688
43 6 0.19715793
43 68 0.10767158
43 398 0.05498951
43 522 0.10936289
43 523 0.10839530
43 545 0.07332586
43 587 0.11547949
43 592 0.13249262
43 705 0.06795322
44 18 0.14158893
44 32 0.12043087
44 35 0.16326890
44 45 0.20226709
44 70 0.11147513
44 94 0.17374319
44 611 0.14362492
45 5 0.16801138
45 33 0.19458462
45 35 0.67483091
45 44 0.20226709
45 94 0.22671160
45 109 0.21818897
46 51 0.12773104
46 56 0.21431718
46 62 0.31107317
46 84 0.28885042
46 109 0.12578402
46 169 0.19035173
46 182 0.15014521
46 455 0.06667872
47 10 0.05460119
47 13 0.09829892
47 49 0.08163782
47 60 0.12656043
47 66 0.10195125
47 99 0.14801514
47 100 0.09724792
47 118 0.09999304
47 252 0.06647241
47 395 0.08360679
48 17 0.30122533
48 61 0.14555212
48 70 0.08007428
48 72 0.10037952
48 79 0.14981469
48 90 0.15276866
48 324 0.09471503
48 359 0.06802732
48 626 0.17159813
48 655 0.10817638
49 13 0.40247072
49 47 0.08163782
49 60 0.07095763
49 66 0.05622219
49 599 0.06107356
50 30 0.10594066
50 57 0.34776327
50 82 0.04357490
50 564 0.06909509
50 616 0.09223644
50 731 0.05895906
51 37 0.11623994
51 46 0.12773104
51 69 0.11192334
51 75 0.10871864
51 87 0.08088198
51 95 0.16921241
51 105 0.12987953
51 669 0.04151543
51 704 0.04177665
52 0 0.20438597
52 8 0.15892235
52 58 0.21087108
52 104 0.24382523
52 122 0.29728010
52 723 0.07033062
53 66 0.16233115
53 67 0.29353758
53 514 0.07236722
53 525 0.16703900
53 563 0.15542302
53 579 0.10630639
53 606 0.08738738
53 616 0.15083380
53 647 0.08028526
53 661 0.10585374
53 721 0.08481006
54 3 0.64841928
54 19 0.20293062
54 21 0.15906801
54 28 0.16375406
54 34 0.21660867
54 76 0.25538368
54 94 0.19139204
54 100 0.07919448
54 102 0.30108375
54 104 0.29795526
54 621 0.10192858
54 662 0.06351096
54 692 0.06000968
54 732 0.10389060
55 57 0.08883107
55 395 0.06735956
55 509 0.06656086
55 673 0.07112634
55 718 0.07384095
56 15 0.39119558
56 46 0.21431718
56 62 0.15642265
56 84 0.14009344
56 97 0.31710059
56 720 0.12463132
57 50 0.34776327
57 55 0.08883107
57 206 0.06941565
57 607 0.07907789
57 660 0.09096888
57 703 0.10542036
58 0 0.21043913
58 8 0.16969513
58 52 0.21087108
58 75 0.21001125
58 104 0.28797206
58 122 0.37922942
59 21 0.11003460
59 83 0.12681484
59 197 0.07441933
59 563 0.10393140
59 576 0.11015743
59 609 0.09971600
59 612 0.09079087
60 24 0.25597950
60 47 0.12656043
60 49 0.07095763
60 77 0.25842007
60 113 0.18756181
60 159 0.10971905
60 222 0.11915163
61 2 0.12313865
61 27 0.15911126
61 38 0.14222036
61 48 0.14555212
61 628 0.14254987
61 728 0.15402173
62 46 0.31107317
62 56 0.15642265
62 84 0.18537447
62 103 0.36978217
62 169 0.10560906
63 14 0.12538235
63 74 0.08795839
63 95 0.16538243
63 101 0.23687098
63 531 0.07087568
63 609 0.08911562
63 712 0.05689272
64 16 0.07809021
64 84 0.08166867
64 106 0.30623470
64 647 0.06006554
64 710 0.48688368
65 41 0.53156067
65 91 0.23652210
65 672 0.06844190
65 720 0.05399432
65 731 0.04946019
66 13 0.13040895
66 21 0.20551899
66 47 0.10195125
66 49 0.05622219
66 53 0.16233115
66 76 0.15728039
66 525 0.16700649
66 616 0.14526511
66 673 0.07756810
67 32 0.08887553
67 53 0.29353758
67 76 0.16339141
67 87 0.07090021
67 116 0.15260140
67 121 0.12764437
67 525 0.14210476
67 564 0.15770451
67 565 0.10092673
67 568 0.07425040
67 721 0.07687024
67 738 0.10237887
68 4 0.15380324
68 43 0.10767158
68 525 0.11639915
68 568 0.07824011
68 616 0.11944768
68 675 0.12195651
69 29 0.23364883
69 36 0.11675057
69 37 0.19437590
69 51 0.11192334
69 95 0.25225682
69 105 0.19514824
69 114 0.14921665
70 18 0.07583549
70 44 0.11147513
70 48 0.08007428
70 540 0.09697279
70 611 0.07300249
70 659 0.07792963
71 41 0.09458039
71 98 0.08110652
71 165 0.07818159
71 252 0.06523324
71 308 0.09804027
71 395 0.13481134
71 608 0.09812790
72 20 0.14764055
72 34 0.14405693
72 48 0.10037952
72 105 0.16589438
72 123 0.15958595
72 340 0.04694733
73 7 0.14497105
73 19 0.14087495
73 110 0.20238661
73 112 0.12068201
73 120 0.13081037
73 710 0.14033475
73 725 0.18650617
74 63 0.08795839
74 90 0.12651767
74 101 0.12787536
74 106 0.07980993
74 218 0.08137563
74 504 0.09620071
74 508 0.10831216
74 562 0.09399579
74 576 0.11890863
74 591 0.12145389
74 612 0.10458978
74 654 0.12502851
75 14 0.11631654
75 51 0.10871864
75 58 0.21001125
75 76 0.10061257
75 78 0.08305224
75 87 0.09087226
75 525 0.13293629
75 713 0.08875860
76 3 0.29281315
76 4 0.11877107
76 21 0.43843686
76 28 0.54036707
76 54 0.25538368
76 66 0.15728039
76 67 0.16339141
76 75 0.10061257
76 91 0.05878263
76 100 0.12357093
76 112 0.09189704
76 116 0.22030411
76 121 0.15948259
76 504 0.09244871
76 513 0.14375744
76 530 0.10316536
76 556 0.12553234
76 578 0.06104235
76 582 0.09884094
76 603 0.14427967
76 648 0.08136293
76 650 0.14070374
76 660 0.15853857
76 661 0.11917385
76 675 0.16359774
76 690 0.09818010
76 736 0.11331819
76 738 0.09718654
76 743 0.10238590
77 2 0.15085787
77 24 0.31346816
77 27 0.05457571
77 38 0.15418791
77 60 0.25842007
77 108 0.12905874
77 113 0.25370666
77 652 0.11720706
77 728 0.15488039
78 75 0.08305224
78 117 0.09895590
78 456 0.07922484
78 525 0.07636514
78 616 0.07362031
79 17 0.15085799
79 23 0.34046884
79 48 0.14981469
79 83 0.08541491
79 90 0.10958778
79 111 0.10887242
79 681 0.03872540
80 557 0.10240922
80 567 0.10797076
80 569 0.09997675
80 575 0.10671478
80 695 0.09994575
80 701 0.11306237
80 711 0.16354201
81 12 0.17269612
81 22 0.19558951
81 26 0.16850390
81 93 0.17373137
81 635 0.28434193
81 691 0.36385136
81 717 0.16755659
81 722 0.27211119
81 728 0.19496938
82 30 0.05771691
82 50 0.04357490
82 92 0.18921680
82 310 0.03917590
82 629 0.03997603
83 59 0.12681484
83 79 0.08541491
83 96 0.08005034
83 118 0.24636872
83 619 0.06310704
83 639 0.09554602
84 16 0.42115324
84 46 0.28885042
84 56 0.14009344
84 62 0.18537447
84 64 0.08166867
84 109 0.10914129
84 714 0.05365157
85 5 0.15969536
85 35 0.18713482
85 39 0.13366808
85 40 0.22554846
85 42 0.37577071
85 88 0.18511561
85 103 0.24349143
85 123 0.17947931
85 688 0.13217124
86 270 0.05082899
86 367 0.05362086
86 435 0.05280554
86 436 0.04959401
86 487 0.05726423
87 51 0.08088198
87 67 0.07090021
87 75 0.09087226
87 525 0.06875666
87 616 0.06811456
88 1 0.08373176
88 40 0.24016916
88 42 0.20772209
88 85 0.18511561
88 90 0.15429783
88 103 0.20619223
88 714 0.06009515
89 7 0.13533097
89 36 0.06229099
89 92 0.23561485
89 96 0.19495396
89 112 0.15864903
89 119 0.18031039
90 14 0.15287857
90 17 0.12075049
90 23 0.11820211
90 48 0.15276866
90 74 0.12651767
90 79 0.10958778
90 88 0.15429783
90 269 0.09538586
90 526 0.10481083
90 540 0.09347192
90 545 0.06910224
90 569 0.10590182
90 645 0.15244104
90 660 0.14718194
90 695 0.07374232
90 709 0.12926752
90 743 0.11511156
91 41 0.24717284
91 65 0.23652210
91 76 0.05878263
91 408 0.07663925
91 616 0.05995820
92 20 0.06064960
92 82 0.18921680
92 89 0.23561485
92 112 0.17504464
92 629 0.05126401
93 32 0.09192527
93 81 0.17373137
93 97 0.16159455
93 635 0.19175020
93 660 0.15860178
93 709 0.12971165
93 717 0.10976404
93 722 0.16029580
94 18 0.08873497
94 19 0.16052336
94 24 0.10496481
94 33 0.20274087
94 35 0.21909828
94 44 0.17374319
94 45 0.22671160
94 54 0.19139204
94 351 0.05541009
95 14 0.17814934
95 29 0.19844401
95 37 0.16516428
95 51 0.16921241
95 63 0.16538243
95 69 0.25225682
95 105 0.23247552
95 114 0.12666700
95 197 0.07304379
96 7 0.19251361
96 20 0.10246839
96 83 0.08005034
96 89 0.19495396
96 98 0.16848472
96 105 0.19225380
96 110 0.15080837
96 119 0.31097379
96 713 0.08742656
97 22 0.15883221
97 56 0.31710059
97 93 0.16159455
97 635 0.13143041
97 691 0.12741140
98 4 0.07777522
98 71 0.08110652
98 96 0.16848472
98 308 0.07748937
98 356 0.05826023
98 650 0.06624002
99 13 0.11787439
99 47 0.14801514
99 118 0.08187124
99 256 0.08290426
99 726 0.08811693
100 28 0.16873178
100 47 0.09724792
100 54 0.07919448
100 76 0.12357093
100 341 0.07812939
100 722 0.19617446
101 63 0.23687098
101 74 0.12787536
101 543 0.10303745
101 575 0.08327788
101 662 0.06425561
101 674 0.13623690
102 13 0.13313169
102 19 0.15053415
102 33 0.17082015
102 34 0.24343990
102 54 0.30108375
102 104 0.39631171
102 717 0.17791229
103 39 0.10542769
103 40 0.25099273
103 42 0.22521553
103 62 0.36978217
103 85 0.24349143
103 88 0.20619223
104 0 0.27926692
104 8 0.19921260
104 34 0.26242564
104 52 0.24382523
104 54 0.29795526
104 58 0.28797206
104 102 0.39631171
104 113 0.10416686
104 122 0.38026901
105 20 0.17038652
105 29 0.13673105
105 37 0.18697006
105 51 0.12987953
105 69 0.19514824
105 72 0.16589438
105 95 0.23247552
105 96 0.19225380
105 119 0.13985791
105 123 0.20651205
105 749 0.06841398
106 11 0.07146269
106 64 0.30623470
106 74 0.07980993
106 579 0.07314068
106 647 0.11846424
106 710 0.24727402
107 599 0.11227678
107 609 0.09321270
107 631 0.09183054
107 643 0.08730635
107 650 0.10269660
107 718 0.11797054
107 734 0.06181425
108 1 0.07472388
108 2 0.11420124
108 35 0.12093612
108 38 0.33665398
108 39 0.11339130
108 42 0.11839871
108 77 0.12905874
108 728 0.12227233
109 5 0.11497034
109 35 0.20369941
109 45 0.21818897
109 46 0.12578402
109 84 0.10914129
110 7 0.19381108
110 19 0.12943231
110 73 0.20238661
110 96 0.15080837
110 119 0.14696759
110 120 0.12907644
110 396 0.06969262
111 17 0.16339147
111 23 0.11139812
111 79 0.10887242
111 646 0.55841291
111 668 0.12538621
111 707 0.47500903
111 747 0.57377308
112 19 0.12431563
112 36 0.05914741
112 73 0.12068201
112 76 0.09189704
112 89 0.15864903
112 92 0.17504464
112 120 0.08097334
113 24 0.23979168
113 60 0.18756181
113 77 0.25370666
113 104 0.10416686
113 116 0.28928570
114 6 0.10737595
114 16 0.08965493
114 29 0.18293088
114 37 0.13529570
114 69 0.14921665
114 95 0.12666700
114 121 0.11871071
115 32 0.12726250
115 293 0.04747131
115 402 0.11454199
115 415 0.04686414
115 528 0.04500127
116 21 0.15623781
116 67 0.15260140
116 76 0.22030411
116 113 0.28928570
116 121 0.14008193
116 324 0.08533556
116 535 0.12633476
116 597 0.04070118
116 629 0.11242961
116 675 0.14972153
116 676 0.09777222
116 701 0.09654432
116 731 0.10691886
116 732 0.10446834
117 78 0.09895590
117 525 0.08290667
117 664 0.18667143
117 675 0.08703582
117 695 0.16258418
118 47 0.09999304
118 83 0.24636872
118 99 0.08187124
118 351 0.05400689
118 408 0.08602757
118 639 0.09902004
119 7 0.14637249
119 89 0.18031039
119 96 0.31097379
119 105 0.13985791
119 110 0.14696759
120 7 0.12257372
120 19 0.11990256
120 73 0.13081037
120 110 0.12907644
120 112 0.08097334
121 16 0.08213018
121 67 0.12764437
121 76 0.15948259
121 114 0.11871071
121 116 0.14008193
121 248 0.06673841
121 525 0.10264797
121 681 0.08318156
122 0 0.26885697
122 8 0.20619382
122 52 0.29728010
122 58 0.37922942
122 104 0.38026901
123 12 0.21243631
123 20 0.20269603
123 34 0.16439047
123 42 0.16612688
123 72 0.15958595
123 85 0.17947931
123 105 0.20651205
123 586 0.06457031
123 652 0.11592773
123 655 0.12395178
123 688 0.15131261
124 3 0.17523716
124 471 0.04851834
124 557 0.06985958
124 654 0.09225126
124 682 0.07365792
124 725 0.07079270
125 129 0.08855491
125 139 0.08450546
125 176 0.10541947
125 189 0.09168613
125 191 0.08342820
125 192 0.09368202
125 198 0.09387904
125 219 0.09870384
125 229 0.05797712
125 241 0.08080204
126 153 0.12503673
126 162 0.26647310
126 180 0.09300208
126 188 0.08207479
126 235 0.16964481
127 140 0.10962106
127 150 0.13771003
127 172 0.10341291
127 176 0.19987627
127 182 0.09863306
127 210 0.05787073
127 241 0.07240284
127 244 0.02177486
128 130 0.10808571
128 133 0.06988619
128 172 0.11290835
128 176 0.13904108
128 181 0.08601882
128 240 0.12621670
129 125 0.08855491
129 193 0.06531892
129 198 0.06808467
129 289 0.06278357
129 345 0.06144158
130 128 0.10808571
130 176 0.10049566
130 194 0.11932658
130 207 0.07870270
130 240 0.69787088
130 666 0.06407700
130 684 0.05833592
130 715 0.10589382
131 179 0.07611066
131 193 0.10175005
131 208 0.10605101
131 232 0.08313634
131 237 0.07692176
131 346 0.06877059
132 138 0.18451187
132 176 0.11473446
132 203 0.07780854
132 205 0.10118626
132 218 0.07466498
132 231 0.06974837
132 246 0.09489131
132 749 0.10777003
133 128 0.06988619
133 176 0.12940229
133 179 0.13533800
133 184 0.07890736
133 307 0.06637243
133 564 0.06955960
134 33 0.06684459
134 139 0.11480969
134 140 0.10439070
134 217 0.06820577
134 644 0.07610095
135 142 0.06398112
135 162 0.06519020
135 211 0.05620472
135 228 0.09923041
135 733 0.10020927
136 137 0.15445957
136 150 0.06823795
136 163 0.17515642
136 178 0.08314906
136 209 0.13959384
136 213 0.10072734
136 216 0.13024817
136 220 0.22833079
136 221 0.08145805
136 227 0.12639030
136 239 0.16423194
137 136 0.15445957
137 147 0.10860901
137 163 0.21244578
137 213 0.09758430
137 216 0.12773740
137 220 0.22146666
137 221 0.07993220
137 227 0.12766236
138 132 0.18451187
138 155 0.09868456
138 183 0.10660747
138 186 0.07572334
138 195 0.11066974
138 198 0.07686996
139 125 0.08450546
139 134 0.11480969
139 153 0.07872882
139 217 0.11271786
139 235 0.09316039
139 238 0.07497695
139 334 0.05476473
140 127 0.10962106
140 134 0.10439070
140 150 0.11799363
140 154 0.08030314
140 164 0.04745801
140 167 0.06233345
140 210 0.32723319
140 212 0.10919746
140 238 0.08508559
141 146 0.05085918
141 155 0.06156336
141 165 0.06204923
141 179 0.08298258
141 193 0.05526427
141 244 0.02304742
141 302 0.06668665
142 135 0.06398112
142 162 0.10426873
142 164 0.04881955
142 209 0.07274902
142 218 0.06787015
142 253 0.07093498
143 161 0.35489554
143 199 0.32049583
143 201 0.11496060
143 217 0.06669494
143 223 0.45388228
143 345 0.08795816
144 148 0.09187222
144 172 0.05553673
144 175 0.05770802
144 224 0.07989912
144 669 0.05737259
145 172 0.10132848
145 195 0.09058689
145 219 0.09624739
145 227 0.08014272
145 242 0.09795952
146 141 0.05085918
146 176 0.05169757
146 188 0.06077127
146 236 0.17107116
146 242 0.05464975
147 137 0.10860901
147 216 0.16883840
147 220 0.10941346
147 233 0.08949699
147 235 0.08702041
148 144 0.09187222
148 195 0.08258866
148 214 0.09591062
148 236 0.10862351
148 245 0.13958079
149 156 0.30021016
149 157 0.09432933
149 169 0.12355115
149 205 0.12996981
149 226 0.17514521
149 246 0.14273286
150 127 0.13771003
150 136 0.06823795
150 140 0.11799363
150 221 0.06797193
150 297 0.07517923
150 477 0.06743955
150 494 0.07577592
151 165 0.21882098
151 189 0.06130498
151 213 0.14540567
151 233 0.05298191
151 326 0.07192627
151 346 0.04475039
152 166 0.40280241
152 172 0.04827675
152 189 0.05216607
152 197 0.21909814
152 365 0.04566481
152 414 0.04900252
153 126 0.12503673
153 139 0.07872882
153 167 0.07030752
153 188 0.06739932
153 209 0.08022325
153 212 0.09769136
153 217 0.07542961
153 234 0.11776682
153 235 0.12401110
154 140 0.08030314
154 176 0.07372869
154 212 0.10341544
154 244 0.05905624
154 246 0.06077028
154 366 0.06655578
155 138 0.09868456
155 141 0.06156336
155 167 0.05798606
155 181 0.15485603
155 183 0.16842833
155 186 0.12837546
155 191 0.06116171
155 200 0.25577033
155 207 0.08189483
155 215 0.10337209
155 224 0.08415046
155 231 0.08206246
155 232 0.15290879
155 237 0.06654018
155 241 0.11905128
156 149 0.30021016
156 157 0.09370178
156 205 0.16225999
156 225 0.10905441
156 226 0.14262981
156 246 0.13835296
156 308 0.08680993
157 149 0.09432933
157 156 0.09370178
157 175 0.06525181
157 183 0.07381328
157 202 0.06766675
158 216 0.05644136
158 221 0.06260125
158 395 0.04818200
158 547 0.04853324
158 693 0.05417120
159 60 0.10971905
159 162 0.13000505
159 180 0.07317039
159 222 0.76417186
159 235 0.08645068
159 249 0.08881340
160 198 0.08060299
160 277 0.07666720
160 292 0.09197923
160 349 0.09319566
160 411 0.06474913
160 487 0.08824672
160 697 0.08728767
161 143 0.35489554
161 199 0.53691065
161 201 0.15559479
161 223 0.71740801
161 233 0.08863035
162 126 0.26647310
162 135 0.06519020
162 142 0.10426873
162 159 0.13000505
162 180 0.15850034
162 188 0.07457014
162 211 0.10284191
162 222 0.12823986
162 234 0.05924545
162 235 0.15020820
163 136 0.17515642
163 137 0.21244578
163 184 0.08609849
163 200 0.14852260
163 207 0.09469478
163 220 0.12637725
163 224 0.40868945
163 239 0.12237870
164 140 0.04745801
164 142 0.04881955
164 212 0.04335588
164 215 0.04332328
164 526 0.04822954
165 71 0.07818159
165 141 0.06204923
165 151 0.21882098
165 213 0.09389634
165 308 0.05622405
166 152 0.40280241
166 189 0.07915799
166 197 0.62641561
166 205 0.09987262
166 215 0.05442592
166 365 0.04125645
167 140 0.06233345
167 153 0.07030752
167 155 0.05798606
167 176 0.07521813
167 186 0.05952512
168 179 0.07299895
168 438 0.11695060
168 464 0.05082879
168 514 0.04119300
168 605 0.04180819
169 46 0.19035173
169 62 0.10560906
169 149 0.12355115
169 182 0.13910235
169 196 0.10535088
169 214 0.15344194
169 226 0.24610217
169 234 0.05264047
169 246 0.22706399
170 185 0.67527933
170 222 0.07900782
170 268 0.07395279
170 353 0.06395435
170 749 0.06801075
171 176 0.06421017
171 192 0.10737723
171 243 0.05360021
171 308 0.08537624
171 329 0.06334276
171 672 0.06974747
172 127 0.10341291
172 128 0.11290835
172 144 0.05553673
172 145 0.10132848
172 152 0.04827675
172 173 0.13454239
172 181 0.10557695
172 187 0.09549622
172 200 0.11135846
172 212 0.11663928
172 245 0.12058219
173 172 0.13454239
173 181 0.06735898
173 225 0.06790023
173 227 0.06973774
173 247 0.07175399
174 189 0.09871723
174 329 0.11107968
174 352 0.06025169
174 501 0.07282526
174 605 0.06104181
175 144 0.05770802
175 157 0.06525181
175 190 0.04592525
175 196 0.08230372
175 198 0.08799001
175 202 0.07265398
175 211 0.05587265
175 213 0.07578029
175 225 0.07292078
175 232 0.10022333
175 244 0.01976771
176 125 0.10541947
176 127 0.19987627
176 128 0.13904108
176 130 0.10049566
176 132 0.11473446
176 133 0.12940229
176 146 0.05169757
176 154 0.07372869
176 167 0.07521813
176 171 0.06421017
176 179 0.16855665
176 181 0.08570042
176 182 0.15526188
176 184 0.12127322
176 192 0.10357295
176 210 0.06334025
176 239 0.12496841
176 240 0.12318687
177 184 0.07333566
177 193 0.05887488
177 212 0.06137864
177 415 0.05786080
177 564 0.05455662
178 136 0.08314906
178 193 0.09367783
178 206 0.06923956
178 233 0.07895923
178 235 0.08241761
178 242 0.09943949
179 131 0.07611066
179 133 0.13533800
179 141 0.08298258
179 168 0.07299895
179 176 0.16855665
179 208 0.07584810
180 126 0.09300208
180 159 0.07317039
180 162 0.15850034
180 222 0.06798608
180 235 0.12857652
181 128 0.08601882
181 155 0.15485603
181 172 0.10557695
181 173 0.06735898
181 176 0.08570042
181 194 0.07950497
181 240 0.08772160
182 46 0.15014521
182 127 0.09863306
182 169 0.13910235
182 176 0.15526188
182 192 0.14820299
182 236 0.11069207
183 138 0.10660747
183 155 0.16842833
183 157 0.07381328
183 184 0.06974073
183 193 0.09895874
183 200 0.12147705
183 207 0.07723470
183 232 0.09598379
184 133 0.07890736
184 163 0.08609849
184 176 0.12127322
184 177 0.07333566
184 183 0.06974073
185 170 0.67527933
185 211 0.06668924
185 249 0.06318234
185 499 0.05824995
185 749 0.09428518
186 138 0.07572334
186 155 0.12837546
186 167 0.05952512
186 200 0.09912605
186 218 0.15566736
186 232 0.11924665
186 398 0.06681731
187 172 0.09549622
187 189 0.09295983
187 194 0.05926776
187 238 0.06870851
187 246 0.06902826
188 126 0.08207479
188 146 0.06077127
188 153 0.06739932
188 162 0.07457014
188 191 0.06487836
188 231 0.09441225
188 234 0.11873775
189 125 0.09168613
189 151 0.06130498
189 152 0.05216607
189 166 0.07915799
189 174 0.09871723
189 187 0.09295983
189 194 0.08258138
189 197 0.08270059
189 229 0.04472504
189 242 0.08339959
189 560 0.07670419
189 706 0.04609922
190 175 0.04592525
190 202 0.06091473
190 292 0.05151844
190 356 0.06539312
190 426 0.04686311
191 125 0.08342820
191 155 0.06116171
191 188 0.06487836
191 207 0.08294101
191 219 0.07009900
192 125 0.09368202
192 171 0.10737723
192 176 0.10357295
192 182 0.14820299
192 236 0.09418098
192 277 0.05949867
193 129 0.06531892
193 131 0.10175005
193 141 0.05526427
193 177 0.05887488
193 178 0.09367783
193 183 0.09895874
193 237 0.09139112
193 238 0.08806509
194 130 0.11932658
194 181 0.07950497
194 187 0.05926776
194 189 0.08258138
194 238 0.08178260
194 240 0.14754128
195 138 0.11066974
195 145 0.09058689
195 148 0.08258866
195 209 0.10695804
195 227 0.25449536
195 232 0.17663047
195 242 0.19408541
196 169 0.10535088
196 175 0.08230372
196 198 0.09493622
196 214 0.10690947
196 226 0.10550544
196 246 0.10475190
197 59 0.07441933
197 95 0.07304379
197 152 0.21909814
197 166 0.62641561
197 189 0.08270059
198 125 0.09387904
198 129 0.06808467
198 138 0.07686996
198 160 0.08060299
198 175 0.08799001
198 196 0.09493622
198 209 0.10214442
198 219 0.06520626
198 227 0.09043713
198 232 0.10574077
198 247 0.08768576
198 291 0.08459753
199 143 0.32049583
199 161 0.53691065
199 201 0.15982046
199 210 0.06024290
199 223 0.65022109
199 233 0.23503645
200 155 0.25577033
200 163 0.14852260
200 172 0.11135846
200 183 0.12147705
200 186 0.09912605
200 225 0.12124687
200 232 0.12109588
200 239 0.10593817
200 241 0.32163659
201 143 0.11496060
201 161 0.15559479
201 199 0.15982046
201 223 0.19645099
201 242 0.11780741
201 249 0.42054161
202 157 0.06766675
202 175 0.07265398
202 190 0.06091473
202 213 0.06267081
202 230 0.05997819
202 648 0.06747011
203 132 0.07780854
203 243 0.12223705
203 617 0.07327395
203 679 0.05275173
203 749 0.05179365
204 251 0.08285820
204 277 0.05857197
204 308 0.04979338
204 355 0.05932154
204 654 0.05182446
205 132 0.10118626
205 149 0.12996981
205 156 0.16225999
205 166 0.09987262
205 225 0.14446774
205 226 0.26827490
205 230 0.06196398
205 246 0.18688083
206 26 0.07164030
206 57 0.06941565
206 178 0.06923956
206 226 0.06340285
206 246 0.08041834
207 130 0.07870270
207 155 0.08189483
207 163 0.09469478
207 183 0.07723470
207 191 0.08294101
207 437 0.03089645
208 131 0.10605101
208 179 0.07584810
208 213 0.11071843
208 224 0.06484665
208 245 0.06767634
209 136 0.13959384
209 142 0.07274902
209 153 0.08022325
209 195 0.10695804
209 198 0.10214442
209 227 0.09766507
209 405 0.13327225
210 127 0.05787073
210 140 0.32723319
210 176 0.06334025
210 199 0.06024290
210 238 0.06949816
211 135 0.05620472
211 162 0.10284191
211 175 0.05587265
211 185 0.06668924
211 231 0.06254657
212 140 0.10919746
212 153 0.09769136
212 154 0.10341544
212 164 0.04335588
212 172 0.11663928
212 177 0.06137864
212 235 0.09341284
213 136 0.10072734
213 137 0.09758430
213 151 0.14540567
213 165 0.09389634
213 175 0.07578029
213 202 0.06267081
213 208 0.11071843
213 220 0.14509094
213 245 0.08251055
213 326 0.06640463
214 148 0.09591062
214 169 0.15344194
214 196 0.10690947
214 226 0.14718159
214 236 0.13322710
214 246 0.14217306
214 471 0.05474840
215 155 0.10337209
215 164 0.04332328
215 166 0.05442592
215 220 0.14580369
215 232 0.09071873
215 233 0.10967194
215 242 0.10809702
216 136 0.13024817
216 137 0.12773740
216 147 0.16883840
216 158 0.05644136
216 220 0.18432095
216 221 0.10363920
216 239 0.10565608
216 248 0.04498618
216 395 0.12124672
217 134 0.06820577
217 139 0.11271786
217 143 0.06669494
217 153 0.07542961
217 235 0.07386109
218 21 0.07203958
218 74 0.08137563
218 132 0.07466498
218 142 0.06787015
218 186 0.15566736
218 257 0.06549939
218 356 0.05215008
218 472 0.05604388
218 660 0.07576623
219 125 0.09870384
219 145 0.09624739
219 191 0.07009900
219 198 0.06520626
219 230 0.18107953
220 136 0.22833079
220 137 0.22146666
220 147 0.10941346
220 163 0.12637725
220 213 0.14509094
220 215 0.14580369
220 216 0.18432095
220 221 0.13494161
220 227 0.21381169
220 247 0.10557841
221 136 0.08145805
221 137 0.07993220
221 150 0.06797193
221 158 0.06260125
221 216 0.10363920
221 220 0.13494161
222 60 0.11915163
222 159 0.76417186
222 162 0.12823986
222 170 0.07900782
222 180 0.06798608
222 235 0.10203056
223 143 0.45388228
223 161 0.71740801
223 199 0.65022109
223 201 0.19645099
223 225 0.09845147
224 144 0.07989912
224 155 0.08415046
224 163 0.40868945
224 208 0.06484665
224 233 0.06472784
225 156 0.10905441
225 173 0.06790023
225 175 0.07292078
225 200 0.12124687
225 205 0.14446774
225 223 0.09845147
225 227 0.12257393
225 246 0.12807613
226 149 0.17514521
226 156 0.14262981
226 169 0.24610217
226 196 0.10550544
226 205 0.26827490
226 206 0.06340285
226 214 0.14718159
226 246 0.34302090
226 391 0.08515769
226 520 0.02792907
227 136 0.12639030
227 137 0.12766236
227 145 0.08014272
227 173 0.06973774
227 195 0.25449536
227 198 0.09043713
227 209 0.09766507
227 220 0.21381169
227 225 0.12257393
227 232 0.15698916
227 247 0.10402490
228 135 0.09923041
228 235 0.06878289
228 243 0.04994916
228 563 0.10076173
228 629 0.06836010
228 733 0.15971095
228 734 0.05236621
229 125 0.05797712
229 189 0.04472504
229 246 0.05271313
229 270 0.06065264
229 314 0.04515863
230 202 0.05997819
230 205 0.06196398
230 219 0.18107953
230 238 0.07118439
230 246 0.07990339
231 132 0.06974837
231 155 0.08206246
231 188 0.09441225
231 211 0.06254657
231 234 0.06091661
231 235 0.06577660
231 242 0.07250553
231 361 0.05801862
232 131 0.08313634
232 155 0.15290879
232 175 0.10022333
232 183 0.09598379
232 186 0.11924665
232 195 0.17663047
232 198 0.10574077
232 200 0.12109588
232 215 0.09071873
232 227 0.15698916
232 237 0.20010115
232 247 0.09592058
233 147 0.08949699
233 151 0.05298191
233 161 0.08863035
233 178 0.07895923
233 199 0.23503645
233 215 0.10967194
233 224 0.06472784
233 242 0.13639797
233 245 0.08687997
234 153 0.11776682
234 162 0.05924545
234 169 0.05264047
234 188 0.11873775
234 231 0.06091661
235 126 0.16964481
235 139 0.09316039
235 147 0.08702041
235 153 0.12401110
235 159 0.08645068
235 162 0.15020820
235 178 0.08241761
235 180 0.12857652
235 212 0.09341284
235 217 0.07386109
235 222 0.10203056
235 228 0.06878289
235 231 0.06577660
235 243 0.04866164
236 146 0.17107116
236 148 0.10862351
236 182 0.11069207
236 192 0.09418098
236 214 0.13322710
237 131 0.07692176
237 155 0.06654018
237 193 0.09139112
237 232 0.20010115
237 245 0.09383225
238 139 0.07497695
238 140 0.08508559
238 187 0.06870851
238 193 0.08806509
238 194 0.08178260
238 210 0.06949816
238 230 0.07118439
239 136 0.16423194
239 163 0.12237870
239 176 0.12496841
239 200 0.10593817
239 216 0.10565608
240 128 0.12621670
240 130 0.69787088
240 176 0.12318687
240 181 0.08772160
240 194 0.14754128
240 246 0.12218714
241 125 0.08080204
241 127 0.07240284
241 155 0.11905128
241 200 0.32163659
241 244 0.13370747
242 145 0.09795952
242 146 0.05464975
242 178 0.09943949
242 189 0.08339959
242 195 0.19408541
242 201 0.11780741
242 215 0.10809702
242 231 0.07250553
242 233 0.13639797
242 249 0.08765839
242 384 0.11959636
242 610 0.08542122
242 624 0.11399252
242 733 0.07760613
243 171 0.05360021
243 203 0.12223705
243 228 0.04994916
243 235 0.04866164
243 390 0.05229471
243 622 0.04532588
244 127 0.02177486
244 141 0.02304742
244 154 0.05905624
244 175 0.01976771
244 241 0.13370747
245 148 0.13958079
245 172 0.12058219
245 208 0.06767634
245 213 0.08251055
245 233 0.08687997
245 237 0.09383225
246 132 0.09489131
246 149 0.14273286
246 154 0.06077028
246 156 0.13835296
246 169 0.22706399
246 187 0.06902826
246 196 0.10475190
246 205 0.18688083
246 206 0.08041834
246 214 0.14217306
246 225 0.12807613
246 226 0.34302090
246 229 0.05271313
246 230 0.07990339
246 240 0.12218714
247 173 0.07175399
247 198 0.08768576
247 220 0.10557841
247 227 0.10402490
247 232 0.09592058
248 121 0.06673841
248 216 0.04498618
248 387 0.04914565
248 445 0.04685459
248 681 0.03463623
248 722 0.05049662
249 159 0.08881340
249 185 0.06318234
249 201 0.42054161
249 242 0.08765839
249 395 0.08066473
249 476 0.07107519
249 714 0.06646171
250 272 0.07460288
250 290 0.06232503
250 297 0.08089387
250 298 0.06312642
250 319 0.08803595
250 365 0.06182909
250 368 0.07872486
251 204 0.08285820
251 259 0.06567628
251 277 0.05732190
251 284 0.04917685
251 343 0.04911180
252 47 0.06647241
252 71 0.06523324
252 320 0.05580292
252 453 0.09127969
252 456 0.06337617
253 142 0.07093498
253 259 0.07229913
253 274 0.07314558
253 281 0.26685538
253 284 0.07556480
253 297 0.06564967
253 298 0.09837243
253 301 0.19082132
253 310 0.30341974
253 316 0.08499941
253 321 0.07182805
253 325 0.20472786
253 329 0.07359792
253 335 0.05769833
253 339 0.07953476
253 358 0.07546435
253 360 0.10521890
253 368 0.08914636
253 369 0.21404102
253 490 0.06351205
254 264 0.08483548
254 271 0.08514444
254 279 0.11342792
254 291 0.06981279
254 294 0.06289317
254 315 0.07775118
254 362 0.06199896
254 564 0.07523361
255 277 0.10703599
255 293 0.06753777
255 297 0.06105291
255 298 0.06136393
255 323 0.08024082
256 99 0.08290426
256 269 0.07726202
256 314 0.42715856
256 350 0.05532872
256 366 0.14153457
257 218 0.06549939
257 344 0.06059589
257 389 0.05607129
257 660 0.06483022
257 682 0.05969666
258 286 0.08539147
258 357 0.17531280
258 659 0.05452342
258 672 0.06153739
258 735 0.04884359
259 251 0.06567628
259 253 0.07229913
259 264 0.37799390
259 275 0.09965852
259 285 0.57045212
259 363 0.20347854
260 292 0.07620595
260 327 0.06703135
260 333 0.28252685
260 337 0.09382342
260 368 0.08182926
261 330 0.19954318
261 352 0.06595521
261 372 0.40993572
261 450 0.12786809
261 728 0.07335486
262 283 0.06489583
262 290 0.05094620
262 291 0.05269426
262 356 0.05843924
262 358 0.05629773
263 264 0.08120972
263 284 0.07560248
263 304 0.05926287
263 322 0.10327498
263 352 0.07530636
263 357 0.43528853
264 254 0.08483548
264 259 0.37799390
264 263 0.08120972
264 285 0.37907411
264 331 0.05492116
264 363 0.25837319
264 368 0.14079017
265 273 0.22589832
265 287 0.07563360
265 338 0.14012143
265 347 0.17699612
265 348 0.19945952
266 278 0.13947607
266 284 0.10457218
266 288 0.11701882
266 306 0.12546657
266 335 0.11862192
266 347 0.14910710
266 367 0.20818577
267 312 0.24869548
267 342 0.13441603
267 353 0.70009046
267 419 0.10787794
267 430 0.14568382
267 649 0.06308125
268 170 0.07395279
268 271 0.09740862
268 323 0.16047270
268 337 0.07744881
268 340 0.05329072
268 360 0.45017495
269 90 0.09538586
269 256 0.07726202
269 286 0.12395821
269 304 0.10077624
269 314 0.38335059
269 564 0.09997484
269 706 0.03943835
270 86 0.05082899
270 229 0.06065264
270 272 0.07397354
270 283 0.05508366
270 287 0.07744977
270 290 0.07597715
270 291 0.08835252
270 304 0.08849717
270 321 0.07504545
270 326 0.06740224
270 334 0.05284398
270 359 0.06527380
270 368 0.07768267
271 254 0.08514444
271 268 0.09740862
271 273 0.06342097
271 276 0.09531579
271 279 0.14414111
271 360 0.07236720
272 250 0.07460288
272 270 0.07397354
272 290 0.05142206
272 298 0.05878266
272 326 0.05146284
273 265 0.22589832
273 271 0.06342097
273 626 0.05104646
273 706 0.03242790
273 719 0.05056699
273 744 0.05935201
274 253 0.07314558
274 296 0.08351135
274 307 0.06889521
274 310 0.09160097
274 327 0.07728374
274 337 0.09117982
275 259 0.09965852
275 285 0.09633275
275 337 0.07878455
275 339 0.12196504
275 370 0.09512982
275 374 0.05135253
276 271 0.09531579
276 279 0.28240118
276 288 0.32898712
276 358 0.06000972
276 513 0.05932926
277 160 0.07666720
277 192 0.05949867
277 204 0.05857197
277 251 0.05732190
277 255 0.10703599
277 292 0.06714903
277 337 0.09079481
278 266 0.13947607
278 287 0.11440565
278 305 0.09254721
278 327 0.09454673
278 367 0.19378224
279 254 0.11342792
279 271 0.14414111
279 276 0.28240118
279 303 0.14090013
279 313 0.09755205
279 315 0.11529405
279 318 0.24783748
280 282 0.31305607
280 341 0.22035443
280 354 0.26992506
280 355 0.06072221
280 372 0.24393375
281 253 0.26685538
281 298 0.11542256
281 301 0.34651998
281 302 0.08655684
281 325 0.33918681
281 360 0.12711451
281 369 0.31323492
282 280 0.31305607
282 319 0.12153950
282 336 0.21136220
282 343 0.22511599
282 354 0.45191396
282 372 0.38640719
283 262 0.06489583
283 270 0.05508366
283 291 0.05230460
283 293 0.05442573
283 320 0.09791301
284 251 0.04917685
284 253 0.07556480
284 263 0.07560248
284 266 0.10457218
284 314 0.08481988
284 317 0.08311048
284 352 0.07246103
285 259 0.57045212
285 264 0.37907411
285 275 0.09633275
285 339 0.18099992
285 355 0.10068008
285 363 0.19061836
285 370 0.19241207
286 258 0.08539147
286 269 0.12395821
286 298 0.12881152
286 304 0.08160435
286 306 0.09042971
286 314 0.07642919
286 317 0.08646053
286 357 0.06048968
287 265 0.07563360
287 270 0.07744977
287 278 0.11440565
287 305 0.10708728
287 310 0.10605104
287 327 0.24637724
287 332 0.11590733
287 338 0.05968115
287 342 0.09831256
287 345 0.06374252
287 358 0.08576730
287 359 0.09660003
287 371 0.18974058
288 266 0.11701882
288 276 0.32898712
288 358 0.06116301
288 367 0.06663350
288 374 0.44304654
289 129 0.06278357
289 292 0.05364531
289 301 0.12661727
289 323 0.07375733
289 343 0.05673579
290 250 0.06232503
290 262 0.05094620
290 270 0.07597715
290 272 0.05142206
290 292 0.06167379
290 298 0.06774440
290 334 0.06960613
291 198 0.08459753
291 254 0.06981279
291 262 0.05269426
291 270 0.08835252
291 283 0.05230460
291 296 0.06606492
291 316 0.05215706
291 331 0.05139473
291 499 0.08663447
292 160 0.09197923
292 190 0.05151844
292 260 0.07620595
292 277 0.06714903
292 289 0.05364531
292 290 0.06167379
292 307 0.08498268
292 311 0.06873579
292 321 0.08237672
292 337 0.18425357
292 352 0.07154658
292 533 0.08255137
293 115 0.04747131
293 255 0.06753777
293 283 0.05442573
293 294 0.07828988
293 300 0.05180646
293 323 0.09817520
293 325 0.24928693
293 331 0.08982963
293 334 0.07029515
293 336 0.16040657
293 340 0.12418230
294 254 0.06289317
294 293 0.07828988
294 301 0.06847146
294 327 0.06146070
294 328 0.07934455
295 296 0.07321530
295 309 0.06278212
295 336 0.05773391
295 525 0.06944398
295 645 0.08764116
296 274 0.08351135
296 291 0.06606492
296 295 0.07321530
296 316 0.05335228
296 348 0.11524809
296 353 0.07896959
296 427 0.07218810
296 432 0.12116812
297 150 0.07517923
297 250 0.08089387
297 253 0.06564967
297 255 0.06105291
297 310 0.06902493
297 364 0.06401503
298 250 0.06312642
298 253 0.09837243
298 255 0.06136393
298 272 0.05878266
298 281 0.11542256
298 286 0.12881152
298 290 0.06774440
298 317 0.07140061
298 325 0.09212295
298 369 0.08991950
299 303 0.11005183
299 305 0.09284493
299 313 0.10071808
299 315 0.07844310
299 318 0.55740205
299 327 0.09786193
299 345 0.05786890
300 293 0.05180646
300 310 0.06028365
300 332 0.47579193
300 371 0.44648637
300 431 0.04767730
301 253 0.19082132
301 281 0.34651998
301 289 0.12661727
301 294 0.06847146
301 302 0.09941452
301 325 0.23868116
301 360 0.10956397
301 369 0.22635675
302 141 0.06668665
302 281 0.08655684
302 301 0.09941452
302 303 0.06853043
302 311 0.05522518
302 313 0.12144056
303 279 0.14090013
303 299 0.11005183
303 302 0.06853043
303 312 0.08084431
303 313 0.31765948
303 315 0.33110640
303 318 0.11956726
303 322 0.05224303
304 263 0.05926287
304 269 0.10077624
304 270 0.08849717
304 286 0.08160435
304 314 0.07206395
305 278 0.09254721
305 287 0.10708728
305 299 0.09284493
305 327 0.17524681
305 365 0.37967142
305 371 0.07562576
306 266 0.12546657
306 286 0.09042971
306 335 0.12547281
306 346 0.10177693
