0 28 0.16277223
0 42 0.22024495
0 86 0.26433355
0 97 0.41325828
0 109 0.12133594
0 167 0.33003770
0 185 0.16269702
1 24 0.09822840
1 95 0.06514166
1 196 0.15698865
1 938 0.15207930
1 947 0.14695950
1 1035 0.05607878
1 1042 0.07359298
1 1051 0.13535666
1 1100 0.19265970
1 1139 0.17366718
2 33 0.13081545
2 106 0.13481263
2 158 0.13455296
2 523 0.05284153
2 930 0.12082458
2 938 0.12268884
2 1179 0.09629469
3 66 0.17046169
3 79 0.15085787
3 82 0.22641846
3 198 0.14882510
3 1104 0.13202462
4 861 0.10074178
4 913 0.07003227
4 918 0.07714534
4 1013 0.07106773
4 1071 0.08539271
5 48 0.15260057
5 53 0.18838978
5 76 0.19171124
5 89 0.19286835
5 187 0.15717686
5 593 0.07030858
6 47 0.59339535
6 83 0.16181410
6 112 0.28702737
6 172 0.35892450
6 1039 0.25603278
7 81 0.30265878
7 110 0.23703727
7 119 0.27883096
7 122 0.16531515
7 142 0.19666863
8 17 0.25863717
8 31 0.21935545
8 61 0.24060644
8 118 0.64042314
8 125 0.22157597
8 1092 0.03697275
9 162 0.10499953
9 1016 0.09753198
9 1056 0.12444842
9 1128 0.16721223
9 1166 0.12474200
10 36 0.23799130
10 39 0.28848205
10 45 0.17995542
10 72 0.24455279
10 75 0.26823726
10 96 0.35593639
10 110 0.21114968
10 135 0.25792473
10 143 0.13824735
10 171 0.34486688
10 176 0.36258350
10 869 0.14297095
10 1002 0.19004750
11 36 0.31258689
11 65 0.08792557
11 123 0.33421589
11 129 0.27990850
11 133 0.26018104
12 87 0.14593636
12 136 0.11834503
12 144 0.21127328
12 147 0.44847643
12 162 0.16257142
12 197 0.57385721
13 115 0.16235141
13 153 0.13515415
13 164 0.22924383
13 184 0.11429001
13 196 0.11749475
14 21 0.16065061
14 29 0.86698274
14 35 0.17186112
14 78 0.23983744
14 128 0.34279116
14 308 0.08480059
14 885 0.09770387
14 897 0.13329583
15 40 0.10594066
15 713 0.04491450
15 741 0.03998261
15 834 0.04249220
15 1111 0.04371952
16 32 0.14973011
16 49 0.14144997
16 77 0.12252970
16 104 0.10032962
16 107 0.20109113
16 150 0.12280363
16 272 0.08346283
16 382 0.09444593
16 421 0.07818578
16 1012 0.06655889
17 8 0.25863717
17 31 0.40432294
17 61 0.25923327
17 73 0.22755571
17 118 0.71996596
17 160 0.21861003
17 180 0.49092418
18 109 0.14357711
18 146 0.11836697
18 154 0.10673016
18 177 0.10638091
18 308 0.08108462
18 1114 0.11540236
19 886 0.08466986
19 923 0.07924442
19 930 0.07192148
19 960 0.07861534
19 1123 0.07942838
20 52 0.35034759
20 56 0.15720593
20 165 0.11761355
20 825 0.06811716
20 940 0.11392496
20 1140 0.10456747
21 14 0.16065061
21 29 0.18145561
21 35 0.17189071
21 78 0.20547432
21 85 0.17851913
21 102 0.12581407
21 128 0.25040838
21 140 0.19690539
21 189 0.16903281
22 33 0.16538524
22 74 0.11787439
22 151 0.08658639
22 184 0.16826357
22 190 0.16243710
22 882 0.18419307
23 24 0.11017528
23 91 0.11946024
23 829 0.07076417
23 830 0.07886358
23 1161 0.07972003
24 1 0.09822840
24 23 0.11017528
24 84 0.27139410
24 1080 0.08307699
24 1100 0.09875960
24 1103 0.08855139
25 28 0.16495287
25 96 0.17906488
25 149 0.10349572
25 163 0.21104102
25 171 0.24516319
25 174 0.21196009
25 192 0.19722428
25 823 0.14493347
26 46 0.11295158
26 74 0.14801514
26 116 0.11485085
26 124 0.10068953
26 168 0.11850824
26 184 0.14058738
26 856 0.07084813
27 85 0.16658857
27 166 0.15735670
27 182 0.14430943
27 191 0.17903917
27 1021 0.16970821
27 1039 0.16027676
27 1085 0.13321111
28 0 0.16277223
28 25 0.16495287
28 86 0.15841621
28 97 0.18064409
28 167 0.14550418
28 350 0.08296699
29 14 0.86698274
29 21 0.18145561
29 35 0.20226223
29 78 0.26726210
29 128 0.38356331
29 885 0.09657317
29 897 0.14377824
29 1142 0.10668726
30 122 0.15840869
30 125 0.15764380
30 150 0.16220950
30 176 0.17636197
30 180 0.16404140
31 8 0.21935545
31 17 0.40432294
31 91 0.11985853
31 118 0.34948378
31 132 0.15443907
31 150 0.17422289
31 176 0.22637026
31 180 0.65413997
31 191 0.16447781
31 193 0.19757230
31 1039 0.17793533
32 16 0.14973011
32 49 0.19462214
32 77 0.14618317
32 141 0.15268674
32 180 0.14896515
32 272 0.11023117
33 2 0.13081545
33 22 0.16538524
33 44 0.09121641
33 46 0.09827763
33 69 0.07183945
33 106 0.13488968
33 184 0.15882425
33 828 0.13425528
33 922 0.11440372
33 924 0.13852725
33 930 0.15490434
33 932 0.15373597
33 938 0.18245975
33 961 0.16838440
33 1001 0.06326327
33 1051 0.11131682
33 1139 0.11992851
33 1182 0.11561503
34 42 0.20205373
34 83 0.18970502
34 96 0.24809848
34 103 0.37652103
34 114 0.21472347
34 125 0.26015850
34 152 0.27453045
34 186 0.38770256
34 1009 0.24744744
34 1020 0.20536260
34 1027 0.19021738
34 1045 0.23919738
34 1059 0.30917014
34 1066 0.24835944
34 1075 0.18012768
34 1079 0.14203780
34 1108 0.39378750
34 1146 0.37350515
34 1152 0.24134724
34 1153 0.36132312
34 1162 0.20675470
34 1197 0.27324164
35 14 0.17186112
35 21 0.17189071
35 29 0.20226223
35 78 0.17182300
35 128 0.21082288
35 1103 0.44928274
36 10 0.23799130
36 11 0.31258689
36 39 0.22683418
36 65 0.16598080
36 75 0.25941369
36 129 0.21139091
36 133 0.24398071
36 1111 0.17229194
36 1145 0.14880275
36 1148 0.16795999
37 71 0.07985029
37 127 0.20407494
37 162 0.09334607
37 172 0.11803519
37 173 0.10704523
37 876 0.14715322
38 137 0.17099235
38 161 0.10629146
38 631 0.08933857
38 1055 0.08902730
38 1063 0.09475473
39 10 0.28848205
39 36 0.22683418
39 41 0.56175741
39 45 0.41380037
39 75 0.18373157
39 326 0.06492291
40 15 0.10594066
40 930 0.06909509
40 938 0.07354234
40 961 0.08618416
40 1053 0.06590164
41 39 0.56175741
41 45 0.31295620
41 75 0.17253806
41 812 0.14512856
41 935 0.14799192
42 0 0.22024495
42 34 0.20205373
42 86 0.24782258
42 97 0.31220021
42 167 0.27462385
42 185 0.13005064
43 68 0.15193030
43 87 0.17561356
43 141 0.14194215
43 144 0.22080742
43 146 0.15960854
43 162 0.33096203
43 1074 0.14228034
44 33 0.09121641
44 49 0.10901002
44 146 0.08131436
44 947 0.08691762
44 955 0.07781064
45 10 0.17995542
45 39 0.41380037
45 41 0.31295620
45 75 0.21727090
45 869 0.12104988
45 1002 0.14653705
46 26 0.11295158
46 33 0.09827763
46 94 0.14640591
46 137 0.12046275
46 938 0.10053240
46 1115 0.09499645
47 6 0.59339535
47 83 0.11479766
47 94 0.11456854
47 172 0.12702762
47 1039 0.26157126
48 5 0.15260057
48 50 0.55983062
48 53 0.19697298
48 76 0.19015575
48 88 0.18999438
48 89 0.22564812
49 16 0.14144997
49 32 0.19462214
49 44 0.10901002
49 77 0.13785422
49 124 0.08225445
49 141 0.15190137
49 150 0.15457115
49 272 0.12529533
50 48 0.55983062
50 51 0.11819481
50 53 0.23415456
50 60 0.22275710
50 88 0.16703797
50 89 0.22780491
50 194 0.15401625
51 50 0.11819481
51 60 0.09822232
51 187 0.11170796
51 880 0.11569633
51 1058 0.11593647
52 20 0.35034759
52 56 0.14633148
52 154 0.30387327
52 173 0.21287554
52 825 0.06229746
52 869 0.12192680
53 5 0.18838978
53 48 0.19697298
53 50 0.23415456
53 55 0.21000522
53 60 0.23414060
53 76 0.27536663
53 80 0.11968038
53 83 0.20080575
53 88 0.18678645
53 89 0.29089707
53 166 0.16502554
53 175 0.17597509
53 194 0.23369777
53 386 0.05146249
54 59 0.13155074
54 92 0.07392689
54 150 0.07237521
54 159 0.07747909
54 521 0.06414070
54 1084 0.06817322
55 53 0.21000522
55 76 0.19920469
55 83 0.16682147
55 88 0.33902169
55 89 0.17794441
55 94 0.12473105
56 20 0.15720593
56 52 0.14633148
56 165 0.16983322
56 188 0.13108985
56 956 0.12477401
56 976 0.11587677
57 73 0.22202591
57 99 0.26842773
57 119 0.18648273
57 125 0.23885693
57 130 0.21685506
57 134 0.23849368
57 159 0.36664618
57 962 0.11495449
57 1012 0.05450545
58 66 0.14506769
58 79 0.14453204
58 109 0.12175062
58 169 0.13840171
58 198 0.13969386
58 1104 0.13380863
59 54 0.13155074
59 68 0.14634598
59 144 0.25937944
59 152 0.56662111
59 186 0.22258988
59 1108 0.21016178
59 1146 0.18979455
60 50 0.22275710
60 51 0.09822232
60 53 0.23414060
60 89 0.18565014
60 112 0.11156499
60 175 0.14566143
60 194 0.19692342
60 809 0.06220670
61 8 0.24060644
61 17 0.25923327
61 73 0.79447970
61 118 0.25099273
61 160 0.76615695
62 122 0.09762088
62 125 0.09837358
62 145 0.27322507
62 150 0.09955129
62 176 0.10870357
62 651 0.07270262
63 70 0.12265228
63 165 0.23078402
63 173 0.46915543
63 179 0.14205347
63 181 0.14393895
63 188 0.31972623
63 965 0.12872768
63 1086 0.06655051
64 97 0.14160438
64 813 0.10961802
64 900 0.07363927
64 927 0.08901471
64 943 0.16662202
64 956 0.18321463
64 1135 0.11313361
65 11 0.08792557
65 36 0.16598080
65 133 0.83179188
65 146 0.15086109
65 1021 0.18524346
65 1085 0.12961726
65 1113 0.13435127
66 3 0.17046169
66 58 0.14506769
66 79 0.44837996
66 138 0.12612461
66 198 0.18768681
66 1054 0.14807354
66 1104 0.16018814
67 134 0.23036838
67 160 0.20452490
67 176 0.17634966
67 180 0.17534170
67 847 0.09954939
67 1012 0.05674814
67 1096 0.13416395
67 1129 0.14362337
67 1130 0.27750137
68 43 0.15193030
68 59 0.14634598
68 116 0.29250212
68 136 0.12409736
68 144 0.25787431
68 146 0.20837286
68 218 0.10017752
69 33 0.07183945
69 80 0.08462859
69 84 0.48619229
69 151 0.06575011
69 961 0.06835721
69 1008 0.04205058
70 63 0.12265228
70 154 0.50286081
70 165 0.15050131
70 179 0.33139989
70 181 0.14888753
71 37 0.07985029
71 91 0.08380372
71 117 0.09158267
71 157 0.07945072
71 193 0.10554191
72 10 0.24455279
72 80 0.13527549
72 93 0.07739396
72 96 0.23640280
72 116 0.18993859
72 135 0.19103633
72 169 0.06508695
72 171 0.24778073
72 176 0.25718677
72 218 0.14821201
73 17 0.22755571
73 57 0.22202591
73 61 0.79447970
73 99 0.23342138
73 132 0.14442122
73 159 0.23293981
73 160 0.60965607
73 183 0.14753969
73 606 0.05988125
73 1007 0.11905927
74 22 0.11787439
74 26 0.14801514
74 151 0.08739796
74 168 0.10607089
74 190 0.12581173
75 10 0.26823726
75 36 0.25941369
75 39 0.18373157
75 41 0.17253806
75 45 0.21727090
75 869 0.18189454
75 1002 0.24332547
76 5 0.19171124
76 48 0.19015575
76 53 0.27536663
76 55 0.19920469
76 83 0.22035668
76 88 0.19700799
76 89 0.23317281
76 166 0.18232781
76 698 0.10023682
77 16 0.12252970
77 32 0.14618317
77 49 0.13785422
77 150 0.14675364
77 180 0.14709492
78 14 0.23983744
78 21 0.20547432
78 29 0.26726210
78 35 0.17182300
78 128 0.42253351
78 975 0.08855330
78 980 0.08116855
78 1115 0.08423357
78 1173 0.06040331
79 3 0.15085787
79 58 0.14453204
79 66 0.44837996
79 98 0.16016981
79 103 0.22215768
79 143 0.20192230
79 198 0.18877524
79 1062 0.23399977
80 53 0.11968038
80 69 0.08462859
80 72 0.13527549
80 116 0.17696738
80 124 0.06507428
80 218 0.15336806
80 1035 0.07609265
80 1058 0.12309079
81 7 0.30265878
81 110 0.20003547
81 119 0.28801244
81 122 0.16591116
81 142 0.18147756
82 3 0.22641846
82 155 0.29331341
82 157 0.07031059
82 184 0.15147615
82 198 0.10807031
82 1104 0.10370980
83 6 0.16181410
83 34 0.18970502
83 47 0.11479766
83 53 0.20080575
83 55 0.16682147
83 76 0.22035668
83 89 0.18473690
83 175 0.19458092
83 675 0.07419181
84 24 0.27139410
84 69 0.48619229
84 151 0.05904376
84 294 0.05790521
84 941 0.06312841
84 1008 0.04076039
85 21 0.17851913
85 27 0.16658857
85 140 0.14643405
85 189 0.26121249
85 191 0.24756950
85 877 0.09243281
85 1013 0.10459584
85 1039 0.16948069
85 1185 0.11222142
86 0 0.26433355
86 28 0.15841621
86 42 0.24782258
86 97 0.37015703
86 167 0.34370313
86 185 0.16688653
86 1194 0.09951559
87 12 0.14593636
87 43 0.17561356
87 105 0.21503051
87 146 0.24698376
87 147 0.15570572
87 162 0.19513391
87 168 0.16032833
87 178 0.22576336
87 194 0.15689269
87 292 0.08698681
87 1084 0.17634578
88 48 0.18999438
88 50 0.16703797
88 53 0.18678645
88 55 0.33902169
88 76 0.19700799
88 89 0.18128133
89 5 0.19286835
89 48 0.22564812
89 50 0.22780491
89 53 0.29089707
89 55 0.17794441
89 60 0.18565014
89 76 0.23317281
89 83 0.18473690
89 88 0.18128133
89 187 0.16608513
89 194 0.20154477
89 1163 0.10879392
90 195 0.06839054
90 529 0.12068767
90 685 0.07516606
90 782 0.08340627
90 1194 0.09370305
91 23 0.11946024
91 31 0.11985853
91 71 0.08380372
91 137 0.12174834
91 158 0.14639333
91 193 0.16786497
92 54 0.07392689
92 113 0.18838980
92 123 0.21906211
92 147 0.13088435
92 256 0.05655708
92 884 0.10917564
92 938 0.14490584
92 961 0.12392722
93 72 0.07739396
93 899 0.08911891
93 1051 0.07998542
93 1100 0.07340107
93 1154 0.08014322
94 46 0.14640591
94 47 0.11456854
94 55 0.12473105
94 194 0.09882815
94 1165 0.11573592
95 1 0.06514166
95 130 0.05913117
95 184 0.06778478
95 195 0.06537006
95 1104 0.05509560
96 10 0.35593639
96 25 0.17906488
96 34 0.24809848
96 72 0.23640280
96 103 0.21810226
96 110 0.22165776
96 135 0.26145444
96 142 0.23349888
96 143 0.15625864
96 163 0.21413619
96 171 0.60423908
96 174 0.22429639
96 176 0.37866069
96 187 0.16489437
96 192 0.19766251
96 834 0.11357925
96 867 0.18793880
97 0 0.41325828
97 28 0.18064409
97 42 0.31220021
97 64 0.14160438
97 86 0.37015703
97 167 0.42194068
97 185 0.19528712
97 1194 0.10069275
98 79 0.16016981
98 103 0.10916262
98 143 0.10592756
98 1062 0.10115605
98 1171 0.06836416
99 57 0.26842773
99 73 0.23342138
99 119 0.29275781
99 130 0.24153991
99 134 0.21101558
99 159 0.28910629
99 160 0.22238852
99 1039 0.19314940
99 1095 0.21509571
99 1145 0.12749386
100 162 0.09455842
100 178 0.09683496
100 913 0.09400459
100 960 0.10594228
100 1009 0.09322872
100 1080 0.08353589
101 102 0.09544602
101 156 0.84458652
101 183 0.32331661
101 300 0.06823974
101 917 0.08870258
101 1067 0.17462330
102 21 0.12581407
102 101 0.09544602
102 123 0.35017261
102 128 0.21576339
102 191 0.12462137
102 1067 0.10195779
103 34 0.37652103
103 79 0.22215768
103 96 0.21810226
103 98 0.10916262
103 114 0.21660236
103 143 0.23311904
103 186 0.26148378
103 1062 0.13119228
104 16 0.10032962
104 122 0.20369941
104 132 0.11497034
104 142 0.21818897
104 180 0.09651459
104 1011 0.06973737
105 87 0.21503051
105 111 0.15340331
105 168 0.14504129
105 178 0.40126674
105 194 0.13457999
106 2 0.13481263
106 33 0.13488968
106 158 0.41769805
106 162 0.11387000
106 196 0.11498704
107 16 0.20109113
107 123 0.08213018
107 308 0.08076559
107 421 0.08339439
107 1034 0.08009788
108 131 0.24317344
108 146 0.22211008
108 812 0.17835434
108 850 0.14680112
108 871 0.11822348
108 921 0.11086827
108 923 0.10696431
108 934 0.11193469
108 935 0.25854522
108 1058 0.16558584
108 1170 0.13209897
109 0 0.12133594
109 18 0.14357711
109 58 0.12175062
109 138 0.13575010
109 148 0.09444200
109 169 0.12010316
109 812 0.12770683
110 7 0.23703727
110 10 0.21114968
110 81 0.20003547
110 96 0.22165776
110 117 0.14939536
110 142 0.25974641
110 306 0.06550305
111 105 0.15340331
111 146 0.15316094
111 178 0.19565106
111 813 0.15728246
111 913 0.17238894
111 940 0.08292280
111 946 0.12953707
111 964 0.15008866
111 1046 0.08336198
111 1140 0.14407104
111 1191 0.09971392
112 6 0.28702737
112 60 0.11156499
112 1083 0.12402269
112 1144 0.13877153
112 1156 0.11068315
113 92 0.18838980
113 115 0.18255894
113 123 0.34194871
113 148 0.13009632
113 163 0.35084235
114 34 0.21472347
114 103 0.21660236
114 1059 0.19140722
114 1146 0.19695041
114 1153 0.18931713
115 13 0.16235141
115 113 0.18255894
115 153 0.73859158
115 163 0.21104775
115 164 0.17539024
116 26 0.11485085
116 68 0.29250212
116 72 0.18993859
116 80 0.17696738
116 124 0.08534595
116 218 0.17033236
116 587 0.06968870
116 867 0.17600322
117 71 0.09158267
117 110 0.14939536
117 119 0.14847775
117 157 0.16960286
117 169 0.07611198
117 1141 0.07684242
117 1147 0.11925679
117 1165 0.10907516
118 8 0.64042314
118 17 0.71996596
118 31 0.34948378
118 61 0.25099273
118 180 0.40716073
119 7 0.27883096
119 57 0.18648273
119 81 0.28801244
119 99 0.29275781
119 117 0.14847775
119 159 0.21390013
119 415 0.06818326
119 886 0.14662127
119 933 0.10378450
119 972 0.09874089
119 1111 0.15937932
119 1141 0.08734762
120 857 0.04703597
120 874 0.05229632
120 993 0.05609274
120 1115 0.07157916
120 1144 0.04953936
121 146 0.15910450
121 182 0.14927429
121 812 0.19300497
121 901 0.16379482
121 913 0.15530900
121 935 0.18111662
121 1043 0.10735013
121 1100 0.12667011
121 1154 0.13016580
122 7 0.16531515
122 30 0.15840869
122 62 0.09762088
122 81 0.16591116
122 104 0.20369941
122 132 0.21559006
122 142 0.67483091
122 150 0.21496027
122 176 0.37086249
122 180 0.22047730
122 190 0.09304031
122 197 0.12822915
122 1011 0.09509709
123 11 0.33421589
123 92 0.21906211
123 102 0.35017261
123 107 0.08213018
123 113 0.34194871
123 128 0.14008193
124 26 0.10068953
124 49 0.08225445
124 80 0.06507428
124 116 0.08534595
124 967 0.06337098
125 8 0.22157597
125 30 0.15764380
125 34 0.26015850
125 57 0.23885693
125 62 0.09837358
125 150 0.20242043
125 176 0.21302923
125 1001 0.06479939
125 1146 0.21662399
125 1162 0.16453374
126 815 0.11895424
126 858 0.13998270
126 1014 0.14342288
126 1106 0.12193325
126 1114 0.13308950
126 1133 0.10763700
126 1168 0.07437716
126 1191 0.09023082
127 37 0.20407494
127 172 0.23137575
127 628 0.07317962
127 632 0.11454199
127 666 0.06812827
128 14 0.34279116
128 21 0.25040838
128 29 0.38356331
128 35 0.21082288
128 78 0.42253351
128 102 0.21576339
128 123 0.14008193
128 850 0.12644801
128 863 0.06167487
128 897 0.15784440
128 921 0.10977652
128 932 0.14443209
128 980 0.06034235
128 990 0.07656914
128 999 0.14046217
128 1016 0.17653581
129 11 0.27990850
129 36 0.21139091
129 133 0.16115185
129 196 0.13111037
129 947 0.16472827
130 57 0.21685506
130 95 0.05913117
130 99 0.24153991
130 134 0.20403536
130 159 0.20663398
130 195 0.16280882
130 1026 0.14096539
130 1174 0.20316251
130 1189 0.19480582
131 108 0.24317344
131 170 0.16965317
131 982 0.12354068
131 993 0.11562235
131 1063 0.13085065
132 31 0.15443907
132 73 0.14442122
132 104 0.11497034
132 122 0.21559006
132 142 0.16801138
132 198 0.14900657
132 1011 0.08130427
133 11 0.26018104
133 36 0.24398071
133 65 0.83179188
133 129 0.16115185
133 146 0.12282052
134 57 0.23849368
134 67 0.23036838
134 99 0.21101558
134 130 0.20403536
134 159 0.21461590
135 10 0.25792473
135 72 0.19103633
135 96 0.26145444
135 171 0.29949764
135 176 0.31529758
135 182 0.14023452
136 12 0.11834503
136 68 0.12409736
136 143 0.43284724
136 144 0.21820218
136 147 0.24983820
136 249 0.07389225
137 38 0.17099235
137 46 0.12046275
137 91 0.12174834
137 158 0.11954462
137 161 0.25400337
137 538 0.10279266
137 631 0.15537706
138 66 0.12612461
138 109 0.13575010
138 198 0.16012917
138 1054 0.13810929
138 1104 0.14099132
139 155 0.23780013
139 1034 0.18264007
139 1068 0.15838091
139 1072 0.20242182
139 1174 0.20631420
140 21 0.19690539
140 85 0.14643405
140 189 0.17596445
140 890 0.08793414
140 977 0.09873918
141 32 0.15268674
141 43 0.14194215
141 49 0.15190137
141 150 0.12542595
141 1074 0.13112488
142 7 0.19666863
142 81 0.18147756
142 96 0.23349888
142 104 0.21818897
142 110 0.25974641
142 122 0.67483091
142 132 0.16801138
142 197 0.13149030
142 1011 0.08663341
143 10 0.13824735
143 79 0.20192230
143 96 0.15625864
143 98 0.10592756
143 103 0.23311904
143 136 0.43284724
143 1062 0.13081930
144 12 0.21127328
144 43 0.22080742
144 59 0.25937944
144 68 0.25787431
144 136 0.21820218
144 152 0.22763559
144 162 0.15537282
144 183 0.23901678
144 186 0.23197623
145 62 0.27322507
145 456 0.08634662
145 897 0.09745180
145 938 0.07885770
145 1098 0.08563925
146 18 0.11836697
146 43 0.15960854
146 44 0.08131436
146 65 0.15086109
146 68 0.20837286
146 87 0.24698376
146 108 0.22211008
146 111 0.15316094
146 121 0.15910450
146 133 0.12282052
146 148 0.09046095
146 162 0.19537560
146 183 0.13586986
146 812 0.21217082
146 818 0.07965331
146 832 0.12511829
146 846 0.13556709
146 847 0.08997023
146 861 0.10349573
146 884 0.11874714
146 923 0.11175378
146 930 0.15124363
146 935 0.26709991
146 947 0.18127479
146 998 0.10152607
146 1084 0.17442327
146 1092 0.03064540
146 1112 0.08887983
146 1148 0.16137764
146 1157 0.10982497
146 1163 0.09640645
146 1166 0.12459586
146 1170 0.09331379
147 12 0.44847643
147 87 0.15570572
147 92 0.13088435
147 136 0.24983820
147 196 0.15989849
147 197 0.59381515
147 249 0.05666146
148 109 0.09444200
148 113 0.13009632
148 146 0.09046095
148 196 0.11647332
148 593 0.07165101
148 938 0.09218056
149 25 0.10349572
149 300 0.06555034
149 804 0.09401335
149 823 0.11980343
149 829 0.08308743
149 915 0.09076697
150 16 0.12280363
150 30 0.16220950
150 31 0.17422289
150 49 0.15457115
150 54 0.07237521
150 62 0.09955129
150 77 0.14675364
150 122 0.21496027
150 125 0.20242043
150 141 0.12542595
150 176 0.22647112
150 180 0.29539249
150 1025 0.10181592
150 1168 0.06681765
151 22 0.08658639
151 69 0.06575011
151 74 0.08739796
151 84 0.05904376
151 190 0.18105009
151 1057 0.07350505
151 1144 0.09115149
152 34 0.27453045
152 59 0.56662111
152 144 0.22763559
152 186 0.27735317
152 1146 0.28569124
152 1153 0.25242765
153 13 0.13515415
153 115 0.73859158
153 163 0.13093315
153 164 0.13960548
153 196 0.11933774
154 18 0.10673016
154 52 0.30387327
154 70 0.50286081
154 165 0.14472795
154 173 0.25055988
154 179 0.19112200
154 181 0.13810126
155 82 0.29331341
155 139 0.23780013
155 184 0.18168470
155 695 0.11357995
155 1034 0.16263012
155 1068 0.15587459
155 1113 0.18829412
156 101 0.84458652
156 183 0.38064193
156 917 0.09411444
156 1067 0.18367343
156 1133 0.09320833
157 71 0.07945072
157 82 0.07031059
157 117 0.16960286
157 196 0.06836711
157 999 0.06896699
158 2 0.13455296
158 91 0.14639333
158 106 0.41769805
158 137 0.11954462
158 631 0.08254445
159 54 0.07747909
159 57 0.36664618
159 73 0.23293981
159 99 0.28910629
159 119 0.21390013
159 130 0.20663398
159 134 0.21461590
159 160 0.25373073
159 962 0.12778866
159 1007 0.09499266
160 17 0.21861003
160 61 0.76615695
160 67 0.20452490
160 73 0.60965607
160 99 0.22238852
160 159 0.25373073
160 1007 0.11541352
161 38 0.10629146
161 137 0.25400337
161 612 0.08791856
161 619 0.05673073
161 660 0.13343084
162 9 0.10499953
162 12 0.16257142
162 37 0.09334607
162 43 0.33096203
162 87 0.19513391
162 100 0.09455842
162 106 0.11387000
162 144 0.15537282
162 146 0.19537560
162 844 0.13468689
162 884 0.13064500
162 923 0.10530879
162 951 0.11340629
162 1074 0.11998548
162 1082 0.08288359
162 1141 0.07574740
163 25 0.21104102
163 96 0.21413619
163 113 0.35084235
163 115 0.21104775
163 153 0.13093315
163 171 0.30063956
163 192 0.23404353
164 13 0.22924383
164 115 0.17539024
164 153 0.13960548
164 196 0.12969860
164 947 0.11617335
165 20 0.11761355
165 56 0.16983322
165 63 0.23078402
165 70 0.15050131
165 154 0.14472795
165 173 0.13849350
165 179 0.16130012
165 181 0.18447429
165 188 0.18951354
166 27 0.15735670
166 53 0.16502554
166 76 0.18232781
166 167 0.19687398
166 175 0.47563352
166 187 0.21470830
166 1185 0.13004506
167 0 0.33003770
167 28 0.14550418
167 42 0.27462385
167 86 0.34370313
167 97 0.42194068
167 166 0.19687398
167 175 0.37060052
167 185 0.16847056
167 187 0.25043824
167 1194 0.07856698
168 26 0.11850824
168 74 0.10607089
168 87 0.16032833
168 105 0.14504129
168 178 0.14680579
168 194 0.12184788
169 58 0.13840171
169 72 0.06508695
169 109 0.12010316
169 117 0.07611198
169 876 0.08359433
170 131 0.16965317
170 1014 0.13203837
170 1015 0.08591853
170 1038 0.19105532
170 1077 0.12838406
170 1117 0.12100541
170 1124 0.16397170
171 10 0.34486688
171 25 0.24516319
171 72 0.24778073
171 96 0.60423908
171 135 0.29949764
171 163 0.30063956
171 174 0.26968801
171 176 0.43810721
171 192 0.30728631
172 6 0.35892450
172 37 0.11803519
172 47 0.12702762
172 127 0.23137575
172 632 0.10042705
173 37 0.10704523
173 52 0.21287554
173 63 0.46915543
173 154 0.25055988
173 165 0.13849350
173 188 0.23370172
174 25 0.21196009
174 96 0.22429639
174 171 0.26968801
174 192 0.22274838
174 834 0.24231077
174 900 0.07916585
174 1139 0.13173136
175 53 0.17597509
175 60 0.14566143
175 83 0.19458092
175 166 0.47563352
175 167 0.37060052
175 187 0.36165086
175 191 0.15628960
175 1185 0.12416532
176 10 0.36258350
176 30 0.17636197
176 31 0.22637026
176 62 0.10870357
176 67 0.17634966
176 72 0.25718677
176 96 0.37866069
176 122 0.37086249
176 125 0.21302923
176 135 0.31529758
176 150 0.22647112
176 171 0.43810721
176 180 0.30109506
176 1035 0.05088502
177 18 0.10638091
177 867 0.18794872
177 888 0.10599625
177 889 0.11857860
177 917 0.14657663
177 949 0.14923572
177 982 0.16582800
177 989 0.09977120
177 1016 0.14496699
177 1112 0.08600379
177 1181 0.03963515
178 87 0.22576336
178 100 0.09683496
178 105 0.40126674
178 111 0.19565106
178 168 0.14680579
178 194 0.14052014
179 63 0.14205347
179 70 0.33139989
179 154 0.19112200
179 165 0.16130012
179 181 0.43973266
179 188 0.12604520
179 862 0.11942835
180 17 0.49092418
180 30 0.16404140
180 31 0.65413997
180 32 0.14896515
180 67 0.17534170
180 77 0.14709492
180 104 0.09651459
180 118 0.40716073
180 122 0.22047730
180 150 0.29539249
180 176 0.30109506
181 63 0.14393895
181 70 0.14888753
181 154 0.13810126
181 165 0.18447429
181 179 0.43973266
182 27 0.14430943
182 121 0.14927429
182 135 0.14023452
182 184 0.15979665
182 196 0.14520696
182 199 0.05885523
182 1085 0.10638445
183 73 0.14753969
183 101 0.32331661
183 144 0.23901678
183 146 0.13586986
183 156 0.38064193
183 361 0.07546177
183 833 0.07427510
183 1007 0.11420149
184 13 0.11429001
184 22 0.16826357
184 26 0.14058738
184 33 0.15882425
184 82 0.15147615
184 95 0.06778478
184 155 0.18168470
184 182 0.15979665
184 417 0.09896031
184 571 0.11504000
184 1128 0.09252023
185 0 0.16269702
185 42 0.13005064
185 86 0.16688653
185 97 0.19528712
185 167 0.16847056
186 34 0.38770256
186 59 0.22258988
186 103 0.26148378
186 144 0.23197623
186 152 0.27735317
186 1146 0.25545615
187 5 0.15717686
187 51 0.11170796
187 89 0.16608513
187 96 0.16489437
187 166 0.21470830
187 167 0.25043824
187 175 0.36165086
188 56 0.13108985
188 63 0.31972623
188 165 0.18951354
188 173 0.23370172
188 179 0.12604520
188 1006 0.07361444
189 21 0.16903281
189 85 0.26121249
189 140 0.17596445
189 191 0.13872255
189 270 0.07652558
189 367 0.09328752
190 22 0.16243710
190 74 0.12581173
190 122 0.09304031
190 151 0.18105009
190 197 0.11548587
191 27 0.17903917
191 31 0.16447781
191 85 0.24756950
191 102 0.12462137
191 175 0.15628960
191 189 0.13872255
191 199 0.06481231
191 1039 0.17436761
191 1185 0.11782948
192 25 0.19722428
192 96 0.19766251
192 163 0.23404353
192 171 0.30728631
192 174 0.22274838
192 1137 0.09580474
192 1199 0.16151223
193 31 0.19757230
193 71 0.10554191
193 91 0.16786497
193 195 0.10601074
193 398 0.05519784
193 1059 0.18663631
193 1098 0.24396640
193 1183 0.20790904
193 1193 0.14441930
194 50 0.15401625
194 53 0.23369777
194 60 0.19692342
194 87 0.15689269
194 89 0.20154477
194 94 0.09882815
194 105 0.13457999
194 168 0.12184788
194 178 0.14052014
195 90 0.06839054
195 95 0.06537006
195 130 0.16280882
195 193 0.10601074
195 1005 0.14015655
195 1026 0.21504251
195 1174 0.27609181
196 1 0.15698865
196 13 0.11749475
196 106 0.11498704
196 129 0.13111037
196 147 0.15989849
196 148 0.11647332
196 153 0.11933774
196 157 0.06836711
196 164 0.12969860
196 182 0.14520696
196 922 0.09373623
196 938 0.15634943
196 947 0.14308807
196 1051 0.13407527
197 12 0.57385721
197 122 0.12822915
197 142 0.13149030
197 147 0.59381515
197 190 0.11548587
197 905 0.14339585
198 3 0.14882510
198 58 0.13969386
198 66 0.18768681
198 79 0.18877524
198 82 0.10807031
198 132 0.14900657
198 138 0.16012917
198 1023 0.15262731
198 1039 0.17546917
198 1054 0.18719111
198 1104 0.20103234
198 1185 0.12225792
199 182 0.05885523
199 191 0.06481231
199 953 0.04877130
199 1165 0.05390262
199 1180 0.06453610
200 202 0.37377573
200 274 0.09488682
200 321 0.12668093
200 335 0.08878834
200 365 0.11113068
201 207 0.16088323
201 244 0.14566781
201 258 0.08246206
201 284 0.16506335
201 293 0.09369845
201 340 0.09535708
201 359 0.14604633
201 373 0.13742983
201 374 0.11139012
201 388 0.09607734
202 200 0.37377573
202 207 0.11721927
202 280 0.15914275
202 291 0.07604543
202 314 0.10440791
202 320 0.10926768
202 321 0.15573032
202 327 0.09508116
202 335 0.16460072
202 384 0.09694395
202 604 0.08694090
203 220 0.07106864
203 229 0.09742161
203 266 0.11845179
203 268 0.10142666
203 282 0.17240066
203 285 0.10227497
203 289 0.17671813
203 307 0.13654703
203 315 0.08005431
203 345 0.11061701
203 381 0.12337094
203 390 0.08573024
204 230 0.11403458
204 235 0.15574100
204 331 0.07906570
204 338 0.12959891
204 356 0.11063242
204 396 0.11300172
205 309 0.06951136
205 316 0.11602414
205 320 0.08441386
205 366 0.07230362
205 671 0.21280916
205 1151 0.04843727
206 210 0.13056647
206 245 0.10221690
206 275 0.11206815
206 277 0.10185698
206 313 0.09352579
206 325 0.08912798
206 328 0.14582101
206 344 0.12327155
206 389 0.12366580
207 201 0.16088323
207 202 0.11721927
207 226 0.10838074
207 320 0.11102868
207 321 0.09161383
207 331 0.08856142
208 302 0.08022325
208 304 0.09517639
208 340 0.07647355
208 363 0.08286195
208 374 0.07872882
209 235 0.29035677
209 238 0.11956897
209 252 0.15674205
209 258 0.09028591
209 265 0.22833079
209 302 0.13959384
209 324 0.09025676
209 332 0.13681604
209 337 0.11055573
209 363 0.19797524
209 365 0.13406632
209 371 0.15445957
209 375 0.12191811
209 389 0.15112834
209 391 0.19996295
209 394 0.17886457
209 1070 0.05176612
210 206 0.13056647
210 219 0.09873841
210 242 0.10810017
210 275 0.16010466
210 306 0.07779702
210 325 0.11741089
210 333 0.15154734
210 344 0.52090591
210 356 0.11472679
210 363 0.12102775
211 235 0.11627271
211 256 0.07062981
211 276 0.05300702
211 387 0.04877021
211 736 0.07565230
211 819 0.05259624
212 244 0.10959039
212 337 0.10711069
212 339 0.09904102
212 345 0.06631510
212 711 0.06928433
213 224 0.09898051
213 240 0.17505700
213 284 0.12562627
213 342 0.11691603
213 357 0.43506358
213 359 0.10062586
213 361 0.32858526
213 362 0.07773462
214 215 0.05573305
214 274 0.09092290
214 279 0.12651151
214 296 0.08562827
214 342 0.11122793
214 365 0.12707324
214 377 0.58147491
214 399 0.05851390
215 214 0.05573305
215 280 0.06824556
215 314 0.08043762
215 394 0.05927428
215 397 0.06347841
216 244 0.06858788
216 477 0.06053485
216 685 0.06693511
216 702 0.05886651
216 722 0.07276121
217 221 0.15419732
217 289 0.08689804
217 355 0.15766100
217 363 0.19046653
217 426 0.07721479
218 68 0.10017752
218 72 0.14821201
218 80 0.15336806
218 116 0.17033236
218 294 0.09251634
219 210 0.09873841
219 235 0.12392781
219 245 0.32204991
219 260 0.17927500
219 328 0.11996851
219 578 0.07314938
220 203 0.07106864
220 241 0.59893682
220 264 0.05560127
220 668 0.05831152
220 744 0.05352165
221 217 0.15419732
221 237 0.08763281
221 261 0.09928537
221 265 0.09233864
221 355 0.65022109
221 363 0.65806256
222 309 0.08475575
222 369 0.06985226
222 440 0.06931151
222 571 0.07445156
222 930 0.07215641
223 233 0.07734609
223 262 0.14941941
223 286 0.08913925
223 329 0.11017871
223 336 0.12981951
223 343 0.09526790
223 415 0.06076954
224 213 0.09898051
224 286 0.17547710
224 366 0.09757150
224 673 0.10001004
224 731 0.09688506
225 227 0.10312016
225 287 0.09686546
225 298 0.09811924
225 310 0.69787088
225 321 0.10325099
225 369 0.10373427
225 384 0.08796308
225 1070 0.06822309
226 207 0.10838074
226 254 0.05531538
226 273 0.12560247
226 295 0.08238602
226 332 0.18641191
226 335 0.07137850
226 376 0.08607906
226 378 0.08948433
227 225 0.10312016
227 230 0.25137053
227 255 0.09146523
227 269 0.19381250
227 298 0.16312996
227 301 0.09684161
227 356 0.11683380
227 730 0.07617489
228 257 0.22645626
228 297 0.11317183
228 349 0.13250199
228 367 0.65185409
228 370 0.16604386
228 393 0.13525714
229 203 0.09742161
229 270 0.08581319
229 289 0.09652975
229 365 0.09829653
229 460 0.10636172
229 705 0.09891798
230 204 0.11403458
230 227 0.25137053
230 236 0.11176153
230 243 0.09943648
230 269 0.80634690
230 291 0.07280890
230 294 0.09770285
230 298 0.25577033
230 336 0.13966398
230 338 0.14817864
230 356 0.16038140
230 392 0.11090318
231 248 0.13796876
231 251 0.18862815
231 259 0.13392783
231 294 0.12367523
231 360 0.07762614
231 378 0.13281774
231 380 0.12442338
232 262 0.17107116
232 295 0.14539608
232 305 0.07839994
232 329 0.09265578
232 336 0.09038328
232 343 0.14136197
233 223 0.07734609
233 252 0.08381696
233 265 0.08582024
233 394 0.08130123
233 396 0.10497593
234 274 0.11953559
234 315 0.19268649
234 329 0.16040556
234 336 0.11966268
234 365 0.08544967
235 204 0.15574100
235 209 0.29035677
235 211 0.11627271
235 219 0.12392781
235 238 0.11868083
235 302 0.12165676
235 324 0.07809467
235 331 0.08792938
235 345 0.11056448
235 360 0.08065546
235 363 0.14162742
235 375 0.09673603
235 394 0.18006405
235 396 0.11061474
236 230 0.11176153
236 252 0.09881252
236 298 0.11470055
236 312 0.70349267
236 338 0.14223287
236 392 0.11025278
237 221 0.08763281
237 282 0.07298455
237 289 0.09707833
237 317 0.38099674
237 355 0.12362449
238 209 0.11956897
238 235 0.11868083
238 240 0.13448395
238 302 0.89233959
238 337 0.11523233
238 394 0.20766480
238 521 0.05975128
239 277 0.09389595
239 323 0.07301721
239 340 0.08176399
239 385 0.08279344
239 500 0.15154758
240 213 0.17505700
240 238 0.13448395
240 288 0.29543141
240 302 0.12858206
240 341 0.17097948
240 342 0.58791841
240 390 0.09735418
240 394 0.15742619
241 220 0.59893682
241 314 0.09014679
241 334 0.10494040
241 336 0.07657767
241 397 0.08294101
242 210 0.10810017
242 275 0.22524779
242 325 0.23633490
242 333 0.09587090
242 364 0.18678808
243 230 0.09943648
243 255 0.09819946
243 274 0.10590928
243 289 0.11905056
243 329 0.13613491
243 336 0.17612134
244 201 0.14566781
244 212 0.10959039
244 216 0.06858788
244 258 0.08693119
244 326 0.06484352
244 373 0.14213761
244 389 0.07817794
245 206 0.10221690
245 219 0.32204991
245 260 0.29051645
245 313 0.08913939
245 323 0.07497196
245 328 0.14004168
245 344 0.10767607
246 328 0.06712236
246 367 0.05323778
246 393 0.04356172
246 399 0.04881674
246 408 0.05125486
247 274 0.07173761
247 305 0.07896495
247 316 0.06330930
247 336 0.07789910
247 380 0.07454117
248 231 0.13796876
248 251 0.24367100
248 253 0.19233088
248 259 0.11256854
248 294 0.11068696
248 364 0.17215698
248 378 0.23258535
248 380 0.14201194
249 136 0.07389225
249 147 0.05666146
249 360 0.14875815
249 594 0.06356505
249 790 0.05289377
250 274 0.08278471
250 302 0.10958400
250 311 0.08217881
250 329 0.08527564
250 398 0.69983732
251 231 0.18862815
251 248 0.24367100
251 253 0.60291360
251 259 0.12996981
251 263 0.13244807
251 287 0.11507803
251 294 0.13185518
251 354 0.08762609
251 364 0.25517170
251 378 0.33114700
251 380 0.16225999
251 383 0.06971114
252 209 0.15674205
252 233 0.08381696
252 236 0.09881252
252 285 0.21391142
252 291 0.09250133
252 305 0.11158677
252 315 0.08859023
252 375 0.07970931
252 394 0.13475327
253 248 0.19233088
253 251 0.60291360
253 263 0.08961093
253 309 0.10247102
253 378 0.09343083
253 852 0.08593521
254 226 0.05531538
254 374 0.08176474
254 399 0.12399114
254 509 0.05116048
254 765 0.05416799
255 227 0.09146523
255 243 0.09819946
255 283 0.19597148
255 316 0.09170509
255 345 0.08340900
256 92 0.05655708
256 211 0.07062981
256 374 0.07398664
256 594 0.07567687
256 934 0.05714092
257 228 0.22645626
257 297 0.11664966
257 349 0.53614920
257 367 0.25968593
257 370 0.40979329
257 393 0.50065443
257 448 0.05298890
258 201 0.08246206
258 209 0.09028591
258 244 0.08693119
258 334 0.08911479
258 389 0.18849485
259 231 0.13392783
259 248 0.11256854
259 251 0.12996981
259 263 0.10169615
259 348 0.05377554
259 378 0.16144186
259 380 0.30021016
260 219 0.17927500
260 245 0.29051645
260 277 0.09562133
260 324 0.09187579
260 962 0.07673959
261 221 0.09928537
261 265 0.21587205
261 368 0.45071451
261 389 0.30180422
261 391 0.14131167
261 604 0.08693677
261 1040 0.14845747
262 223 0.14941941
262 232 0.17107116
262 295 0.13767218
262 318 0.06341019
262 334 0.21656596
262 622 0.07924260
262 1065 0.08197678
263 251 0.13244807
263 253 0.08961093
263 259 0.10169615
263 300 0.11128566
263 378 0.09595362
264 220 0.05560127
264 291 0.05573759
264 365 0.05948474
264 693 0.06422362
264 744 0.05320422
265 209 0.22833079
265 221 0.09233864
265 233 0.08582024
265 261 0.21587205
265 279 0.18616037
265 341 0.21381169
265 344 0.16999949
265 368 0.14362183
265 371 0.22146666
265 389 0.17942569
265 391 0.23974663
266 203 0.11845179
266 282 0.43100971
266 307 0.31138415
266 341 0.15254647
266 394 0.22671682
267 329 0.09794230
267 336 0.09656423
267 366 0.08891903
267 372 0.09251047
267 432 0.09197923
267 472 0.08377632
268 203 0.10142666
268 280 0.12233119
268 287 0.08965311
268 309 0.13190198
268 394 0.08785885
269 227 0.19381250
269 230 0.80634690
269 298 0.20202510
269 338 0.12927750
269 356 0.12646503
269 378 0.13629002
270 189 0.07652558
270 229 0.08581319
270 309 0.08240800
270 319 0.09083863
270 367 0.07319688
271 298 0.04854155
271 316 0.07513236
271 325 0.06175390
271 392 0.05564969
271 421 0.05209954
272 16 0.08346283
272 32 0.11023117
272 49 0.12529533
272 276 0.06566284
272 327 0.11944200
272 346 0.07861635
272 968 0.08624394
273 226 0.12560247
273 279 0.06708387
273 311 0.07249663
273 334 0.06825249
273 372 0.06824603
274 200 0.09488682
274 214 0.09092290
274 234 0.11953559
274 243 0.10590928
274 247 0.07173761
274 250 0.08278471
274 283 0.07056620
274 286 0.12610709
274 311 0.17036543
274 329 0.31245149
274 336 0.19960535
274 343 0.11387849
274 365 0.15474473
274 372 0.14338847
274 388 0.10038942
274 558 0.05962723
275 206 0.11206815
275 210 0.16010466
275 242 0.22524779
275 325 0.14816153
275 333 0.10253401
275 344 0.11504509
275 364 0.19152870
276 211 0.05300702
276 272 0.06566284
276 317 0.29521734
276 369 0.06656137
276 383 0.08524230
276 387 0.09321371
277 206 0.10185698
277 239 0.09389595
277 260 0.09562133
277 330 0.13672048
277 338 0.10802727
277 374 0.09292238
278 316 0.05184810
278 325 0.06878068
278 333 0.05547522
278 468 0.06854911
278 624 0.05997034
279 214 0.12651151
279 265 0.18616037
279 273 0.06708387
279 332 0.17333051
279 365 0.27808853
279 368 0.09580745
279 371 0.24029388
279 377 0.10039357
279 391 0.17027148
280 202 0.15914275
280 215 0.06824556
280 268 0.12233119
280 299 0.09525699
280 301 0.10579888
280 309 0.15690812
280 310 0.11861504
280 320 0.11305086
280 321 0.14063244
280 330 0.10677654
280 390 0.08388949
280 394 0.13471275
281 286 0.11449532
281 311 0.08498918
281 343 0.07270344
281 372 0.09040158
281 484 0.07209840
282 203 0.17240066
282 237 0.07298455
282 266 0.43100971
282 288 0.11314863
282 289 0.12107643
282 307 0.73920639
282 312 0.11798007
282 341 0.17694480
282 342 0.17879109
282 350 0.06396229
282 394 0.27772057
283 255 0.19597148
283 274 0.07056620
283 329 0.07779712
283 337 0.08274897
283 482 0.08960402
283 853 0.04222572
284 201 0.16506335
284 213 0.12562627
284 293 0.10975954
284 316 0.10256831
284 354 0.17895293
284 357 0.10345763
284 359 0.31011532
284 395 0.13419721
284 662 0.05218622
285 203 0.10227497
285 252 0.21391142
285 305 0.12291738
285 352 0.16167602
285 381 0.32178185
286 223 0.08913925
286 224 0.17547710
286 274 0.12610709
286 281 0.11449532
286 329 0.13699729
286 336 0.10483241
286 673 0.10039802
286 809 0.06378701
287 225 0.09686546
287 251 0.11507803
287 268 0.08965311
287 299 0.08800942
287 310 0.12048904
287 321 0.12307668
288 240 0.29543141
288 282 0.11314863
288 341 0.18036326
288 342 0.18410782
288 394 0.18516096
289 203 0.17671813
289 217 0.08689804
289 229 0.09652975
289 237 0.09707833
289 243 0.11905056
289 282 0.12107643
289 290 0.07502648
289 341 0.16368057
289 345 0.12009838
289 390 0.15450383
290 289 0.07502648
290 293 0.07605253
290 302 0.08067647
290 321 0.08019229
290 338 0.07522237
291 202 0.07604543
291 230 0.07280890
291 252 0.09250133
291 264 0.05573759
291 315 0.07146241
291 326 0.07899780
291 384 0.08527477
292 87 0.08698681
292 319 0.11606512
292 662 0.07453539
292 967 0.08070921
292 1052 0.08726858
292 1122 0.07820999
293 201 0.09369845
293 284 0.10975954
293 290 0.07605253
293 314 0.07762085
293 359 0.08737586
294 84 0.05790521
294 218 0.09251634
294 230 0.09770285
294 231 0.12367523
294 248 0.11068696
294 251 0.13185518
294 299 0.09137837
295 226 0.08238602
295 232 0.14539608
295 262 0.13767218
295 334 0.07413487
295 393 0.08353091
296 214 0.08562827
296 304 0.09358695
296 321 0.08895235
296 373 0.07880292
296 391 0.10891304
297 228 0.11317183
297 257 0.11664966
297 367 0.12891769
297 370 0.07928718
297 858 0.07581885
298 225 0.09811924
298 227 0.16312996
298 230 0.25577033
298 236 0.11470055
298 269 0.20202510
298 271 0.04854155
298 338 0.62047550
298 347 0.14695318
298 350 0.06371276
298 381 0.07886289
298 385 0.08119302
298 392 0.52462155
298 397 0.08189483
299 280 0.09525699
299 287 0.08800942
299 294 0.09137837
299 310 0.10407773
299 321 0.11823004
299 1070 0.06146136
300 101 0.06823974
300 149 0.06555034
300 263 0.11128566
