0 4 0.14440360
0 74 0.09219658
0 84 0.09806150
0 108 0.10567576
0 837 0.09987831
1 47 0.12575032
1 117 0.06839054
1 131 0.51490802
1 875 0.68946423
1 879 0.14649752
1 1013 0.13081985
2 14 0.16859631
2 53 0.24604998
2 75 0.26925470
2 135 0.20437306
2 901 0.10153454
2 957 0.07745808
2 1029 0.17773418
2 1046 0.13976106
3 6 0.17289501
3 18 0.17544546
3 91 0.15859025
3 136 0.75785593
3 145 0.19383147
4 0 0.14440360
4 52 0.11523675
4 66 0.19382931
4 68 0.08940687
4 148 0.10183983
5 61 0.14101294
5 708 0.12865126
5 778 0.10936289
5 817 0.11779927
5 848 0.11547949
5 874 0.13124030
5 1031 0.03675492
6 3 0.17289501
6 11 0.11519922
6 18 0.22563132
6 20 0.12044589
6 21 0.08500628
6 28 0.20055915
6 31 0.10575450
6 51 0.08317823
6 58 0.10190171
6 61 0.11809137
6 63 0.08950593
6 72 0.13541884
6 74 0.24259469
6 82 0.10874579
6 84 0.22158370
6 88 0.15136293
6 89 0.11767465
6 91 0.23704737
6 95 0.16530616
6 100 0.09246076
6 108 0.21574468
6 113 0.17999709
6 119 0.15949873
6 122 0.11810097
6 127 0.13182419
6 133 0.15047133
6 136 0.23888523
6 139 0.31488856
6 150 0.14906304
6 157 0.08215429
6 161 0.13515859
6 162 0.09232084
6 169 0.07864237
6 170 0.09596661
6 172 0.08642740
6 360 0.12494648
6 537 0.10731149
6 700 0.10477471
6 707 0.19036881
6 709 0.07106901
6 710 0.10479624
6 711 0.15534743
6 712 0.14838103
6 716 0.19593272
6 726 0.12531417
6 742 0.14363447
6 763 0.13851187
6 764 0.20846378
6 766 0.11280055
6 768 0.16291909
6 772 0.11732513
6 786 0.12724310
6 792 0.12640327
6 796 0.16662314
6 802 0.08721405
6 811 0.15380981
6 819 0.15439992
6 835 0.11950988
6 842 0.16221340
6 843 0.11667430
6 853 0.15093522
6 857 0.12028158
6 858 0.09748461
6 866 0.10759473
6 878 0.17253048
6 894 0.15785342
6 898 0.13035577
6 903 0.10960564
6 908 0.12152890
6 910 0.14861423
6 913 0.08244077
6 923 0.13586860
6 940 0.07152050
6 943 0.12401320
6 949 0.14334518
6 966 0.13089632
6 972 0.10695670
6 975 0.12713103
6 982 0.18403500
6 985 0.16337239
6 989 0.15659210
6 991 0.12870106
6 1001 0.12149810
6 1013 0.16061362
6 1014 0.18192676
6 1028 0.13660364
6 1034 0.07214716
6 1039 0.14533633
6 1043 0.16256072
7 28 0.22968479
7 45 0.17399846
7 59 0.17057799
7 116 0.18877404
7 138 0.30347047
7 178 0.05157529
8 104 0.27231070
8 128 0.15369088
8 144 0.09122154
8 150 0.14597316
8 945 0.10426210
9 27 0.26830699
9 41 0.28722580
9 52 0.27351166
9 55 0.32584538
9 60 0.08789296
9 148 0.15874770
9 155 0.14966294
9 167 0.55492415
9 496 0.06559773
10 87 0.16976670
10 96 0.44946276
10 103 0.14317620
10 107 0.20172342
10 111 0.14308623
10 140 0.14103076
10 158 0.23855883
10 245 0.09200852
11 6 0.11519922
11 139 0.10939619
11 705 0.05949156
11 728 0.05988198
11 800 0.15143280
11 964 0.11684208
11 981 0.08828151
11 1037 0.11883291
12 35 0.27080119
12 39 0.17183230
12 43 0.27934117
12 81 0.92564185
12 109 0.20788197
12 130 0.42441305
13 31 0.09408209
13 62 0.09804394
13 132 0.06148001
13 378 0.05909402
13 735 0.08443095
14 2 0.16859631
14 53 0.17198872
14 72 0.19858375
14 75 0.21906211
14 135 0.19556013
14 839 0.06258708
15 23 0.13317479
15 74 0.12735643
15 100 0.14903084
15 124 0.13112382
15 691 0.07352716
15 940 0.06965510
15 1006 0.08620071
15 1039 0.12807197
16 69 0.10012139
16 85 0.15911126
16 114 0.12722941
16 128 0.12121574
16 149 0.13325441
16 308 0.07074361
17 40 0.12309965
17 98 0.25846338
17 124 0.12092713
17 168 0.14515019
17 173 0.15245685
17 955 0.13380863
17 1043 0.12508400
18 3 0.17544546
18 6 0.22563132
18 28 0.17094684
18 89 0.11343159
18 91 0.71995036
18 98 0.11821247
18 119 0.13012202
18 126 0.08885527
18 136 0.20285911
18 161 0.16510268
18 768 0.16798913
18 794 0.10963320
18 843 0.13840263
18 887 0.13101658
18 921 0.13658176
18 923 0.14007443
18 1043 0.14191681
19 32 0.21022315
19 34 0.07335695
19 36 0.26312488
19 37 0.17152410
19 38 0.24085231
19 65 0.32430416
19 99 0.18260080
19 112 0.35220355
19 127 0.15710501
19 133 0.11643128
19 152 0.18356717
19 947 0.23861906
19 1041 0.25225787
19 1045 0.22602502
20 6 0.12044589
20 139 0.11773646
20 175 0.09856809
20 192 0.10463341
20 490 0.07003536
20 1039 0.09867152
21 6 0.08500628
21 84 0.07802504
21 787 0.07874159
21 831 0.07956952
21 920 0.08528362
22 41 0.22914536
22 56 0.24724279
22 77 0.24422586
22 114 0.21935545
22 142 0.22477742
22 153 0.15169647
23 15 0.13317479
23 54 0.09097785
23 100 0.69160401
23 711 0.08827253
23 880 0.08502733
24 27 0.15521312
24 62 0.13332165
24 64 0.14855083
24 105 0.18251260
24 121 0.17789324
24 152 0.17043031
25 84 0.25965542
25 90 0.32322126
25 99 0.13990418
25 106 0.11011926
25 151 0.55630648
25 163 0.13937511
25 1030 0.14752135
26 27 0.11735163
26 49 0.19800376
26 105 0.14418546
26 121 0.15211478
26 152 0.12152001
27 9 0.26830699
27 24 0.15521312
27 26 0.11735163
27 36 0.66474969
27 37 0.25539082
27 49 0.14279665
27 55 0.24276919
27 105 0.19359616
27 152 0.46081458
27 167 0.27807358
28 6 0.20055915
28 7 0.22968479
28 18 0.17094684
28 59 0.36980155
28 91 0.15801981
28 733 0.11860911
28 752 0.09405204
28 921 0.13357104
29 45 0.24824147
29 59 0.16186741
29 85 0.15010105
29 116 0.18890506
29 138 0.16029548
30 33 0.18007855
30 42 0.29728010
30 55 0.19384235
30 78 0.10892814
30 141 0.21858602
30 143 0.19031807
30 159 0.11864756
31 6 0.10575450
31 13 0.09408209
31 58 0.25224297
31 62 0.13707936
31 139 0.09932395
31 761 0.09957122
32 19 0.21022315
32 65 0.17295315
32 112 0.20807627
32 127 0.16544859
32 1030 0.54440219
32 1041 0.18654069
33 30 0.18007855
33 42 0.25378344
33 91 0.14628107
33 143 0.19722428
33 150 0.14431739
33 749 0.14493347
34 19 0.07335695
34 217 0.07285056
34 228 0.07652558
34 238 0.10928958
34 936 0.07327239
35 12 0.27080119
35 39 0.32598827
35 43 0.55745150
35 81 0.17255874
35 109 0.33761197
35 130 0.37198062
35 158 0.26756537
35 720 0.20026516
36 19 0.26312488
36 27 0.66474969
36 37 0.24534442
36 76 0.21540139
36 80 0.16760033
36 99 0.22946425
36 114 0.23333693
36 137 0.19977999
36 152 0.53816745
36 171 0.24987769
36 531 0.07153164
36 1047 0.13455149
37 19 0.17152410
37 27 0.25539082
37 36 0.24534442
37 49 0.14240088
37 99 0.17148294
37 121 0.20493234
37 122 0.09080889
37 152 0.24380982
38 19 0.24085231
38 65 0.38620172
38 88 0.13212156
38 112 0.26182819
38 126 0.14507822
38 133 0.15590649
38 947 0.18565748
38 966 0.11309885
38 1041 0.36749131
39 12 0.17183230
39 35 0.32598827
39 43 0.42567238
39 109 0.26267735
39 130 0.25336378
39 720 0.15322768
39 794 0.15070333
40 17 0.12309965
40 85 0.12313865
40 168 0.13727035
40 173 0.15231227
40 955 0.13202462
41 9 0.28722580
41 22 0.22914536
41 54 0.21122724
41 56 0.33509010
41 77 0.18511561
41 114 0.25731451
41 142 0.37577071
41 329 0.09796097
42 30 0.29728010
42 33 0.25378344
42 143 0.29604407
42 159 0.12768436
42 165 0.13899679
43 12 0.27934117
43 35 0.55745150
43 39 0.42567238
43 109 0.45775841
43 130 0.43071443
43 158 0.21595903
43 720 0.26925431
43 797 0.11173489
44 46 0.26706123
44 118 0.31775137
44 132 0.16462037
44 164 0.16378162
44 742 0.16375681
44 783 0.09674131
44 831 0.14093495
45 7 0.17399846
45 29 0.24824147
45 59 0.23046491
45 116 0.24085273
45 138 0.16412511
45 229 0.10566528
46 44 0.26706123
46 66 0.23979168
46 86 0.16110659
46 118 0.16066711
46 156 0.18756181
46 164 0.14618515
47 1 0.12575032
47 57 0.17181389
47 70 0.54016867
47 115 0.63234474
47 117 0.06301823
47 174 0.53702216
47 535 0.08844795
47 875 0.16645763
47 894 0.17388576
47 948 0.18356955
47 955 0.21639582
47 976 0.31461114
47 998 0.19736199
47 1029 0.23830140
48 817 0.06029799
48 853 0.07567044
48 861 0.06610648
48 941 0.07398809
48 991 0.05696632
49 26 0.19800376
49 27 0.14279665
49 37 0.14240088
49 105 0.15477790
49 121 0.23683597
50 52 0.64841928
50 68 0.22095263
50 101 0.14732878
50 110 0.20961237
50 125 0.32256060
50 135 0.16941635
50 148 0.78728482
50 178 0.04616387
50 296 0.07182113
50 770 0.08945387
51 6 0.08317823
51 102 0.13719818
51 365 0.06775624
51 408 0.08464653
51 423 0.06865216
51 520 0.07855844
51 752 0.08939740
51 848 0.08113194
52 4 0.11523675
52 9 0.27351166
52 50 0.64841928
52 55 0.24214373
52 66 0.10495660
52 101 0.13979791
52 110 0.16375406
52 125 0.15129937
52 148 0.75001824
52 167 0.28501126
52 402 0.06572553
53 2 0.24604998
53 14 0.17198872
53 75 0.27206833
53 135 0.26699375
53 901 0.04944155
53 923 0.11874043
54 23 0.09097785
54 41 0.21122724
54 56 0.23227991
54 114 0.24181066
54 137 0.38287630
54 167 0.22120656
55 9 0.32584538
55 27 0.24276919
55 30 0.19384235
55 52 0.24214373
55 167 0.34944819
56 22 0.24724279
56 41 0.33509010
56 54 0.23227991
56 60 0.08477831
56 77 0.24234546
56 114 0.28557457
56 137 0.19148662
56 142 0.31978447
56 153 0.18253125
56 154 0.22900907
56 155 0.16803331
56 167 0.22243320
57 47 0.17181389
57 115 0.19917895
57 976 0.27396880
57 994 0.09703826
57 998 0.53480014
57 1029 0.22508425
58 6 0.10190171
58 31 0.25224297
58 609 0.08728009
58 878 0.09525214
58 934 0.08868386
58 961 0.09434193
59 7 0.17057799
59 28 0.36980155
59 29 0.16186741
59 45 0.23046491
59 116 0.27244041
59 138 0.19598316
60 9 0.08789296
60 56 0.08477831
60 154 0.09955129
60 167 0.09618674
60 559 0.07270262
60 994 0.34599338
61 5 0.14101294
61 6 0.11809137
61 74 0.11975275
61 776 0.11055703
61 837 0.11433573
61 878 0.11804934
61 902 0.06999029
61 987 0.05242351
62 13 0.09804394
62 24 0.13332165
62 31 0.13707936
62 105 0.16781711
62 121 0.20758285
62 122 0.14783074
63 6 0.08950593
63 74 0.08910764
63 108 0.07730106
63 943 0.07706352
63 1014 0.08986112
64 24 0.14855083
64 105 0.13274305
64 121 0.14757785
64 150 0.12358789
64 152 0.12730125
65 19 0.32430416
65 32 0.17295315
65 38 0.38620172
65 112 0.29229687
65 133 0.22676837
65 227 0.12359104
65 370 0.07302253
65 947 0.21173344
65 1041 0.50026080
65 1045 0.19659350
66 4 0.19382931
66 46 0.23979168
66 52 0.10495660
66 86 0.17564799
66 156 0.25597950
67 98 0.33289552
67 123 0.14706268
67 161 0.12184296
67 166 0.21830387
67 900 0.14032930
68 4 0.08940687
68 50 0.22095263
68 125 0.22085769
68 239 0.09675948
68 401 0.13092496
68 896 0.06362053
68 921 0.21342048
68 923 0.17276835
69 16 0.10012139
69 85 0.10323388
69 114 0.11105249
69 128 0.10533534
69 149 0.12242540
70 47 0.54016867
70 115 0.73130123
70 145 0.16449015
70 174 0.23780013
70 919 0.04786632
70 976 0.20242182
70 999 0.11437515
70 1029 0.21870011
71 90 0.50838869
71 96 0.10914129
71 123 0.12718184
71 137 0.11497034
71 167 0.10953347
71 926 0.07349357
72 6 0.13541884
72 14 0.19858375
72 74 0.12165442
72 139 0.12155593
72 384 0.06113478
72 716 0.11944768
73 122 0.19756708
73 790 0.06571472
73 811 0.07001512
73 828 0.07232984
73 878 0.07303631
74 0 0.09219658
74 6 0.24259469
74 15 0.12735643
74 61 0.11975275
74 63 0.08910764
74 72 0.12165442
74 84 0.18376005
74 88 0.12192147
74 97 0.09939878
74 108 0.16786361
74 113 0.13485323
74 136 0.16868275
74 139 0.18764456
74 162 0.07760351
74 169 0.08347154
74 244 0.04451064
74 306 0.08217357
74 369 0.05940390
74 537 0.10187566
74 703 0.09381131
74 706 0.11071861
74 716 0.18201870
74 723 0.10536738
74 772 0.10096457
74 786 0.11885432
74 812 0.11731445
74 823 0.15808862
74 842 0.13471850
74 909 0.08789244
74 953 0.08995019
74 963 0.05573797
74 982 0.14677583
74 989 0.12567087
74 1001 0.11060177
74 1003 0.06214276
74 1006 0.08607342
74 1021 0.10871782
74 1039 0.14113584
75 2 0.26925470
75 14 0.21906211
75 53 0.27206833
75 126 0.13111473
75 135 0.33657868
75 901 0.08318156
76 36 0.21540139
76 79 0.19526434
76 80 0.16624779
76 171 0.65213079
76 1029 0.27054011
77 22 0.24422586
77 41 0.18511561
77 56 0.24234546
77 142 0.20772209
77 153 0.21213376
77 854 0.11358954
77 941 0.07606913
78 30 0.10892814
78 84 0.13285623
78 108 0.16409709
78 141 0.15706734
78 151 0.12452619
78 953 0.08894119
79 76 0.19526434
79 80 0.33103228
79 115 0.18285894
79 171 0.25737629
79 1029 0.24150492
80 36 0.16760033
80 76 0.16624779
80 79 0.33103228
80 136 0.20157178
80 171 0.21292947
80 1001 0.10405887
80 1029 0.21084523
81 12 0.92564185
81 35 0.17255874
81 109 0.10260358
81 130 0.35034759
81 158 0.09848400
82 6 0.10874579
82 87 0.18347286
82 107 0.18934708
82 158 0.19085466
82 768 0.15993956
83 115 0.17143058
83 168 0.13587512
83 174 0.13902504
83 973 0.07109539
83 998 0.15931930
83 1013 0.17000523
84 0 0.09806150
84 6 0.22158370
84 21 0.07802504
84 25 0.25965542
84 74 0.18376005
84 78 0.13285623
84 88 0.12010939
84 108 0.77528440
84 119 0.14230322
84 132 0.12393603
84 139 0.20723479
84 700 0.08974576
84 716 0.15271218
84 718 0.12205511
84 727 0.12285501
84 832 0.10617933
84 862 0.13256875
85 16 0.15911126
85 29 0.15010105
85 40 0.12313865
85 69 0.10323388
85 131 0.15446739
85 149 0.12345737
85 168 0.15228334
85 173 0.16857054
85 875 0.15984418
85 955 0.15402173
86 46 0.16110659
86 66 0.17564799
86 156 0.16080106
86 965 0.16935350
86 1022 0.15866060
87 10 0.16976670
87 82 0.18347286
87 103 0.15632260
87 107 0.38937889
87 111 0.14318767
87 158 0.42509261
87 201 0.13416648
87 601 0.10479070
88 6 0.15136293
88 38 0.13212156
88 74 0.12192147
88 84 0.12010939
88 113 0.42973520
88 169 0.08297834
89 6 0.11767465
89 18 0.11343159
89 91 0.10131044
89 101 0.13968117
89 139 0.10420611
90 25 0.32322126
90 71 0.50838869
90 142 0.16673955
90 151 0.38282203
90 167 0.18899834
90 926 0.06562113
91 3 0.15859025
91 6 0.23704737
91 18 0.71995036
91 28 0.15801981
91 33 0.14628107
91 89 0.10131044
91 136 0.23650373
91 139 0.18405749
91 150 0.15900041
91 161 0.13407394
91 843 0.10126679
91 879 0.18219509
91 887 0.11054795
91 906 0.12933011
91 963 0.05576023
91 1043 0.16311357
92 96 0.18795694
92 123 0.28986032
92 141 0.16241844
92 154 0.21533464
92 208 0.09372503
92 541 0.06673659
92 1014 0.17913965
93 146 0.11284061
93 961 0.15433501
93 965 0.31049771
93 969 0.17119638
93 1020 0.23422725
93 1022 0.15190720
94 185 0.06711156
94 515 0.06650704
94 705 0.10564615
94 844 0.06809334
94 999 0.05065672
95 6 0.16530616
95 134 0.07919025
95 707 0.19156878
95 716 0.13844950
95 747 0.12406939
95 766 0.11661525
95 811 0.14847908
95 838 0.09725913
95 949 0.13471312
95 982 0.13669130
96 10 0.44946276
96 71 0.10914129
96 92 0.18795694
96 111 0.14751141
96 123 0.22481979
96 140 0.14574132
96 208 0.08588086
97 74 0.09939878
97 156 0.10289932
97 619 0.09297858
97 621 0.09279389
97 636 0.08598213
97 641 0.05396920
97 661 0.08865170
97 695 0.10881310
98 17 0.25846338
98 18 0.11821247
98 67 0.33289552
98 124 0.09520655
98 298 0.08535945
98 768 0.10577952
98 1043 0.13846089
99 19 0.18260080
99 25 0.13990418
99 36 0.22946425
99 37 0.17148294
99 106 0.10714845
99 137 0.17758094
99 151 0.17035017
99 163 0.15747464
99 171 0.17692884
99 904 0.16004972
100 6 0.09246076
100 15 0.14903084
100 23 0.69160401
100 124 0.09487184
100 1043 0.09598818
101 50 0.14732878
101 52 0.13979791
101 89 0.13968117
101 148 0.14803412
101 166 0.07935860
101 248 0.05865682
101 819 0.11293485
102 51 0.13719818
102 134 0.14670924
102 172 0.16446600
102 822 0.10867285
102 949 0.10207401
103 10 0.14317620
103 87 0.15632260
103 107 0.17696738
103 158 0.16516428
103 887 0.15160396
103 988 0.07609265
104 8 0.27231070
104 108 0.11310114
104 139 0.10779864
104 150 0.18033043
104 759 0.10782830
104 913 0.07748365
105 24 0.18251260
105 26 0.14418546
105 27 0.19359616
105 49 0.15477790
105 62 0.16781711
105 64 0.13274305
105 121 0.24001336
105 152 0.16647005
106 25 0.11011926
106 99 0.10714845
106 151 0.14304667
106 624 0.14840622
106 1030 0.15992919
107 10 0.20172342
107 82 0.18934708
107 87 0.38937889
107 103 0.17696738
107 111 0.18678648
107 158 0.38665363
107 201 0.11663912
108 0 0.10567576
108 6 0.21574468
108 63 0.07730106
108 74 0.16786361
108 78 0.16409709
108 84 0.77528440
108 104 0.11310114
108 129 0.06728406
108 132 0.13558129
108 139 0.19798085
108 163 0.11821911
108 718 0.11340629
108 1030 0.17737912
109 12 0.20788197
109 35 0.33761197
109 39 0.26267735
109 43 0.45775841
109 81 0.10260358
109 130 0.29076627
109 720 0.17201521
110 50 0.20961237
110 52 0.16375406
110 113 0.16714178
110 125 0.28378511
110 178 0.05836231
110 770 0.08396900
110 822 0.10608415
111 10 0.14308623
111 87 0.14318767
111 96 0.14751141
111 107 0.18678648
111 123 0.15118061
111 808 0.08124908
112 19 0.35220355
112 32 0.20807627
112 38 0.26182819
112 65 0.29229687
112 127 0.17253806
112 133 0.16650106
112 729 0.11932617
112 947 0.24332547
112 1041 0.25357072
112 1045 0.21712543
113 6 0.17999709
113 74 0.13485323
113 88 0.42973520
113 110 0.16714178
113 136 0.14405676
113 169 0.08124473
114 16 0.12722941
114 22 0.21935545
114 36 0.23333693
114 41 0.25731451
114 54 0.24181066
114 56 0.28557457
114 69 0.11105249
114 128 0.11592080
114 142 0.25020610
114 149 0.14150083
114 827 0.09133764
115 47 0.63234474
115 57 0.19917895
115 70 0.73130123
115 79 0.18285894
115 83 0.17143058
115 145 0.17252140
115 174 0.29643968
115 894 0.18431156
115 948 0.17175239
115 955 0.18784213
115 976 0.28795630
115 998 0.23077972
115 999 0.10898607
115 1013 0.19171477
115 1029 0.31677449
116 7 0.18877404
116 29 0.18890506
116 45 0.24085273
116 59 0.27244041
116 138 0.23652210
117 1 0.06839054
117 47 0.06301823
117 256 0.06348674
117 758 0.20095863
117 807 0.06288340
117 841 0.05751249
117 875 0.08825809
118 44 0.31775137
118 46 0.16066711
118 164 0.15746997
118 742 0.13792272
118 831 0.13329583
118 950 0.08368199
119 6 0.15949873
119 18 0.13012202
119 84 0.14230322
119 709 0.07575714
119 921 0.15689724
119 923 0.16836483
120 129 0.68371417
120 857 0.04703597
120 858 0.05291796
120 956 0.04953936
120 967 0.05441793
121 24 0.17789324
121 26 0.15211478
121 37 0.20493234
121 49 0.23683597
121 62 0.20758285
121 64 0.14757785
121 105 0.24001336
121 122 0.14710253
121 888 0.21105454
121 1020 0.21786273
121 1048 0.22566000
122 6 0.11810097
122 37 0.09080889
122 62 0.14783074
122 73 0.19756708
122 121 0.14710253
123 67 0.14706268
123 71 0.12718184
123 92 0.28986032
123 96 0.22481979
123 111 0.15118061
123 141 0.19006919
123 143 0.16388402
123 154 0.62132902
123 208 0.09463037
123 221 0.10358800
123 394 0.06301579
123 887 0.11336452
123 1029 0.19415910
124 15 0.13112382
124 17 0.12092713
124 98 0.09520655
124 100 0.09487184
124 824 0.13194991
124 1043 0.11890315
125 50 0.32256060
125 52 0.15129937
125 68 0.22085769
125 110 0.28378511
125 697 0.05980382
125 878 0.11942038
126 18 0.08885527
126 38 0.14507822
126 75 0.13111473
126 139 0.09522638
126 156 0.35896401
127 6 0.13182419
127 19 0.15710501
127 32 0.16544859
127 112 0.17253806
127 744 0.06722695
127 947 0.13303657
127 978 0.12496829
128 8 0.15369088
128 16 0.12121574
128 69 0.10533534
128 114 0.11592080
128 144 0.08885143
128 149 0.13229060
128 150 0.11955165
128 945 0.07850022
129 108 0.06728406
129 120 0.68371417
129 165 0.09175315
129 842 0.06854960
129 847 0.06262515
130 12 0.42441305
130 35 0.37198062
130 39 0.25336378
130 43 0.43071443
130 81 0.35034759
130 109 0.29076627
130 720 0.16493169
131 1 0.51490802
131 85 0.15446739
131 875 0.59478868
131 879 0.15087171
131 955 0.18177571
131 1013 0.18589102
132 13 0.06148001
132 44 0.16462037
132 84 0.12393603
132 108 0.13558129
132 878 0.15680199
132 1028 0.12647709
133 6 0.15047133
133 19 0.11643128
133 38 0.15590649
133 65 0.22676837
133 112 0.16650106
133 966 0.10394387
134 95 0.07919025
134 102 0.14670924
134 157 0.21814029
134 172 0.41814827
134 753 0.07788151
135 2 0.20437306
135 14 0.19556013
135 50 0.16941635
135 53 0.26699375
135 75 0.33657868
135 148 0.15625040
135 784 0.09535278
136 3 0.75785593
136 6 0.23888523
136 18 0.20285911
136 74 0.16868275
136 80 0.20157178
136 91 0.23650373
136 113 0.14405676
136 139 0.19406830
136 222 0.01989266
136 764 0.15928497
136 802 0.07511721
136 1014 0.16447586
137 36 0.19977999
137 54 0.38287630
137 56 0.19148662
137 71 0.11497034
137 99 0.17758094
137 167 0.17435128
138 7 0.30347047
138 29 0.16029548
138 45 0.16412511
138 59 0.19598316
138 116 0.23652210
139 6 0.31488856
139 11 0.10939619
139 20 0.11773646
139 31 0.09932395
139 72 0.12155593
139 74 0.18764456
139 84 0.20723479
139 89 0.10420611
139 91 0.18405749
139 104 0.10779864
139 108 0.19798085
139 126 0.09522638
139 136 0.19406830
139 360 0.12967148
139 716 0.16551708
139 726 0.12570968
139 744 0.06538785
139 768 0.15501717
139 772 0.11295105
139 774 0.11149622
139 786 0.11200525
139 831 0.10579126
139 842 0.12963004
139 843 0.11241986
139 876 0.07588870
139 878 0.16144467
139 898 0.11427082
139 903 0.10964916
139 906 0.10787886
139 909 0.07788479
139 912 0.08665237
139 913 0.09171357
139 943 0.10806830
139 949 0.12860994
139 975 0.13941655
139 977 0.14806076
139 982 0.13671837
139 985 0.14423876
139 986 0.06271427
139 989 0.12252094
139 991 0.12064442
139 1023 0.12122396
140 10 0.14103076
140 96 0.14574132
140 886 0.11860269
140 927 0.13319614
140 997 0.14228040
141 30 0.21858602
141 78 0.15706734
141 92 0.16241844
141 123 0.19006919
141 363 0.06065783
141 452 0.10880546
141 488 0.07167452
141 953 0.09266862
141 1029 0.14544261
142 22 0.22477742
142 41 0.37577071
142 56 0.31978447
142 77 0.20772209
142 90 0.16673955
142 114 0.25020610
142 154 0.22223931
142 155 0.13428090
142 248 0.05181665
143 30 0.19031807
143 33 0.19722428
143 42 0.29604407
143 123 0.16388402
143 926 0.07756621
143 971 0.08770996
143 980 0.08198116
143 986 0.06872002
143 1008 0.06711142
143 1043 0.18872328
144 8 0.09122154
144 128 0.08885143
144 707 0.07239685
144 921 0.09905181
144 923 0.08611457
144 945 0.05269831
145 3 0.19383147
145 70 0.16449015
145 115 0.17252140
145 880 0.12059364
145 966 0.12713299
145 976 0.20343225
145 1029 0.17782930
146 93 0.11284061
146 965 0.19132748
146 969 0.10299799
146 1015 0.10802058
146 1020 0.14865399
147 800 0.09779899
147 833 0.07744836
147 907 0.05730747
147 961 0.07687814
147 996 0.08480560
147 1033 0.60557892
148 4 0.10183983
148 9 0.15874770
148 50 0.78728482
148 52 0.75001824
148 101 0.14803412
148 135 0.15625040
148 167 0.16947933
148 784 0.10825138
148 797 0.10154870
149 16 0.13325441
149 69 0.12242540
149 85 0.12345737
149 114 0.14150083
149 128 0.13229060
149 469 0.03907573
150 6 0.14906304
150 8 0.14597316
150 33 0.14431739
150 64 0.12358789
150 91 0.15900041
150 104 0.18033043
150 128 0.11955165
150 758 0.07894004
150 772 0.11303235
150 801 0.08662117
150 889 0.04678414
150 945 0.06033058
151 25 0.55630648
151 78 0.12452619
151 90 0.38282203
151 99 0.17035017
151 106 0.14304667
151 163 0.17106551
151 1030 0.16974790
152 19 0.18356717
152 24 0.17043031
152 26 0.12152001
152 27 0.46081458
152 36 0.53816745
152 37 0.24380982
152 64 0.12730125
152 105 0.16647005
152 171 0.17894109
153 22 0.15169647
153 56 0.18253125
153 77 0.21213376
153 947 0.19629202
153 1045 0.20032934
153 1046 0.09925203
154 56 0.22900907
154 60 0.09955129
154 92 0.21533464
154 123 0.62132902
154 142 0.22223931
154 155 0.16220950
154 167 0.20604713
154 496 0.07053472
154 963 0.10181592
155 9 0.14966294
155 56 0.16803331
155 142 0.13428090
155 154 0.16220950
155 167 0.15719547
156 46 0.18756181
156 66 0.25597950
156 86 0.16080106
156 97 0.10289932
156 126 0.35896401
156 257 0.05209483
156 330 0.12951954
157 6 0.08215429
157 134 0.21814029
157 172 0.18416969
157 452 0.07200056
157 488 0.06170141
157 833 0.07041963
158 10 0.23855883
158 35 0.26756537
158 43 0.21595903
158 81 0.09848400
158 82 0.19085466
158 87 0.42509261
158 103 0.16516428
158 107 0.38665363
158 201 0.11567513
159 30 0.11864756
159 42 0.12768436
159 165 0.13153558
159 371 0.03592083
159 721 0.10037101
159 965 0.11842552
160 732 0.07317694
160 734 0.08191569
160 745 0.09127637
160 830 0.06951856
160 936 0.17149382
161 6 0.13515859
161 18 0.16510268
161 67 0.12184296
161 91 0.13407394
161 166 0.16243710
162 6 0.09232084
162 74 0.07760351
162 716 0.08077996
162 727 0.08234817
162 742 0.06779114
163 25 0.13937511
163 99 0.15747464
163 108 0.11821911
163 151 0.17106551
163 1002 0.09276162
163 1030 0.15439545
164 44 0.16378162
164 46 0.14618515
164 118 0.15746997
164 831 0.15795493
164 950 0.09472244
165 42 0.13899679
165 129 0.09175315
165 159 0.13153558
165 257 0.06716598
165 350 0.05900935
165 370 0.06584483
165 782 0.08807438
165 816 0.12644282
165 850 0.12685496
165 881 0.20123067
165 1042 0.13278624
166 67 0.21830387
166 101 0.07935860
166 161 0.16243710
166 900 0.16765148
166 979 0.08849798
167 9 0.55492415
167 27 0.27807358
167 52 0.28501126
167 54 0.22120656
167 55 0.34944819
167 56 0.22243320
167 60 0.09618674
167 71 0.10953347
167 90 0.18899834
167 137 0.17435128
167 148 0.16947933
167 154 0.20604713
167 155 0.15719547
167 496 0.06537123
168 17 0.14515019
168 40 0.13727035
168 83 0.13587512
168 85 0.15228334
168 173 0.22217738
168 427 0.05502000
168 916 0.18247218
168 942 0.14665135
168 955 0.17825922
168 1047 0.15908860
169 6 0.07864237
169 74 0.08347154
169 88 0.08297834
169 113 0.08124473
169 761 0.07657335
169 945 0.05357237
170 6 0.09596661
170 764 0.08090599
170 842 0.07846807
170 890 0.07832106
170 1013 0.07784838
171 36 0.24987769
171 76 0.65213079
171 79 0.25737629
171 80 0.21292947
171 99 0.17692884
171 152 0.17894109
171 1029 0.33520011
171 1047 0.11697596
172 6 0.08642740
172 102 0.16446600
172 134 0.41814827
172 157 0.18416969
172 707 0.08989903
173 17 0.15245685
173 40 0.15231227
173 85 0.16857054
173 168 0.22217738
173 892 0.14986443
173 955 0.21546465
173 965 0.18482793
173 1020 0.20981623
173 1047 0.15400985
173 1048 0.20416676
174 47 0.53702216
174 70 0.23780013
174 83 0.13902504
174 115 0.29643968
174 310 0.06324197
174 535 0.14295979
174 880 0.12604010
174 998 0.15587459
174 999 0.11931709
174 1029 0.16914951
175 20 0.09856809
175 185 0.12868940
175 192 0.84651748
175 249 0.07438345
175 287 0.07226752
175 308 0.06999892
175 335 0.11330624
175 847 0.08506437
176 177 0.11589574
176 216 0.07063010
176 255 0.07125287
176 286 0.11565956
176 294 0.16899015
176 301 0.05901936
176 319 0.11251822
176 322 0.14177196
176 333 0.07517079
176 337 0.12068478
176 369 0.06009733
176 378 0.07076027
176 896 0.06486777
177 176 0.11589574
177 242 0.08808217
177 286 0.16620674
177 289 0.08811790
177 322 0.69694804
177 351 0.08158897
177 1031 0.03379334
178 7 0.05157529
178 50 0.04616387
178 110 0.05836231
178 328 0.06094476
178 955 0.05081353
179 184 0.06367950
179 190 0.08512340
179 196 0.05884815
179 199 0.07690013
179 205 0.08601989
179 212 0.09977012
179 232 0.07912113
179 233 0.09740786
179 260 0.10051279
179 261 0.10653988
179 269 0.07816195
179 289 0.11718839
179 339 0.09158160
180 229 0.05146421
180 230 0.05321263
180 277 0.47317372
180 345 0.06830782
180 902 0.10445988
181 223 0.10001772
181 241 0.11798337
181 284 0.60169039
181 327 0.10383038
181 337 0.11692118
181 390 0.06175907
182 203 0.08919679
182 210 0.13327648
182 270 0.20738842
182 283 0.10025369
182 292 0.10708736
182 325 0.32101396
183 199 0.18728038
183 232 0.05115532
183 249 0.07361615
183 257 0.05716868
183 269 0.28227115
183 285 0.07322842
183 936 0.09047619
184 179 0.06367950
184 254 0.06267475
184 275 0.06990768
184 289 0.07521813
184 326 0.07154242
185 94 0.06711156
185 175 0.12868940
185 192 0.13319773
185 249 0.36668376
185 256 0.08876867
185 272 0.08075325
185 278 0.10126361
185 306 0.07649433
185 313 0.06693259
185 330 0.09890564
185 336 0.09722300
185 339 0.08987267
186 319 0.11534052
186 324 0.05643352
186 362 0.06925771
186 390 0.05161161
186 810 0.09559347
187 200 0.08271036
187 201 0.15780045
187 289 0.15472107
187 302 0.09158569
187 309 0.08046143
187 342 0.08274897
187 473 0.06206607
188 218 0.06759489
188 278 0.30396705
188 336 0.07219451
188 483 0.06333046
188 950 0.06786485
189 207 0.06631169
189 209 0.10122715
189 215 0.08613547
189 243 0.06196535
189 259 0.09311101
189 264 0.68795663
189 273 0.05577009
189 311 0.08584701
189 318 0.08318407
190 179 0.08512340
190 193 0.11981601
190 317 0.09349262
190 319 0.08310020
190 333 0.10233980
191 206 0.07780067
191 245 0.11269824
191 305 0.14223279
191 323 0.07541844
191 346 0.06978818
192 20 0.10463341
192 175 0.84651748
192 185 0.13319773
192 249 0.07465182
192 335 0.10606828
192 847 0.08929261
193 190 0.11981601
193 207 0.06602866
193 264 0.08158112
193 282 0.13034686
193 287 0.07742695
193 384 0.08042440
193 664 0.08874207
194 200 0.11260944
194 297 0.07601948
194 299 0.08344736
194 302 0.07587668
194 338 0.13455907
195 215 0.08692412
195 219 0.09180098
195 253 0.06968910
195 312 0.09494834
195 347 0.07649646
196 179 0.05884815
196 241 0.06889269
196 294 0.06966376
196 867 0.05838585
196 988 0.05935928
197 209 0.10618605
197 215 0.11242848
197 337 0.15308375
197 340 0.12715792
197 349 0.14836682
198 206 0.06165390
198 489 0.04290823
198 716 0.05534511
198 741 0.05690422
198 1010 0.08951202
199 179 0.07690013
199 183 0.18728038
199 269 0.45514523
199 280 0.06192374
199 319 0.06849358
199 540 0.06591156
200 187 0.08271036
200 194 0.11260944
200 206 0.10508063
200 282 0.17514551
200 289 0.15553095
200 297 0.08183118
200 302 0.09355451
200 320 0.09545146
200 338 0.10048396
201 87 0.13416648
201 107 0.11663912
201 158 0.11567513
201 187 0.15780045
201 311 0.13462584
201 313 0.10357851
202 352 0.05309987
202 365 0.08285820
202 406 0.05857197
202 507 0.07187573
202 816 0.06269094
203 182 0.08919679
203 210 0.12697957
203 224 0.07159449
203 236 0.21517282
203 283 0.10247223
203 296 0.06433240
203 325 0.09320395
204 219 0.10649732
204 231 0.08226432
204 247 0.12681194
204 279 0.08529450
204 348 0.24603452
205 179 0.08601989
205 219 0.10067319
205 228 0.08581319
205 231 0.09742161
205 270 0.08723573
205 403 0.06519617
205 907 0.05881417
206 191 0.07780067
206 198 0.06165390
206 200 0.10508063
206 207 0.08450000
206 258 0.06784357
206 289 0.08383149
206 329 0.07478581
207 189 0.06631169
207 193 0.06602866
207 206 0.08450000
207 255 0.06777875
207 505 0.06735864
208 92 0.09372503
208 96 0.08588086
208 123 0.09463037
208 221 0.09062545
208 1029 0.07767412
209 189 0.10122715
209 197 0.10618605
209 219 0.09277090
209 225 0.06641138
209 264 0.18752363
210 182 0.13327648
210 203 0.12697957
210 236 0.12199560
210 262 0.21134382
210 270 0.23381603
210 292 0.31904771
210 325 0.18744625
211 254 0.13556232
211 261 0.67484077
211 264 0.15392635
211 268 0.12859277
211 289 0.12318687
211 306 0.07802269
211 339 0.08933765
211 1024 0.06900205
212 179 0.09977012
212 215 0.14113978
212 242 0.15400761
212 261 0.10870554
212 266 0.08077774
212 281 0.08500416
212 285 0.12105104
212 289 0.11848873
212 325 0.16229595
213 225 0.06628361
213 276 0.07248732
213 290 0.12716823
213 329 0.08520587
213 419 0.06861206
213 839 0.06322143
214 247 0.09380649
214 275 0.11793034
214 296 0.06573191
214 304 0.09471559
214 312 0.09822642
214 326 0.06124491
214 349 0.10194089
215 189 0.08613547
215 195 0.08692412
215 197 0.11242848
215 212 0.14113978
215 218 0.11003642
215 234 0.07115828
215 242 0.16287330
215 253 0.36211401
215 255 0.08045104
215 262 0.13252270
215 265 0.12768961
215 278 0.10912875
215 285 0.16225161
215 301 0.06213109
215 303 0.10667874
215 309 0.14347706
215 312 0.25365361
215 337 0.15892066
216 176 0.07063010
216 254 0.06473918
216 275 0.07984724
216 315 0.08628954
216 348 0.06541447
217 34 0.07285056
217 234 0.06605934
217 238 0.08224689
217 254 0.12172157
217 256 0.14192796
217 259 0.10635615
217 336 0.07715052
218 188 0.06759489
218 215 0.11003642
218 253 0.08990804
218 265 0.67021206
218 285 0.46133734
218 315 0.11151937
219 195 0.09180098
219 204 0.10649732
219 205 0.10067319
219 209 0.09277090
219 225 0.15414647
219 231 0.14985793
219 246 0.13454239
219 264 0.14865434
219 294 0.29240288
219 318 0.08403300
219 322 0.14782896
219 330 0.18396191
219 341 0.11067144
219 344 0.10106321
219 348 0.10132848
219 349 0.20959624
220 228 0.06470159
220 260 0.07946845
220 271 0.08373378
220 291 0.06405817
220 295 0.11338115
220 321 0.09748049
220 331 0.05915232
221 123 0.10358800
221 208 0.09062545
221 258 0.61429111
221 268 0.10981774
221 342 0.18616357
222 136 0.01989266
222 229 0.01991794
222 266 0.10968332
222 270 0.01842444
222 332 0.02127578
223 181 0.10001772
223 259 0.13699729
223 273 0.05316048
223 296 0.11589505
223 299 0.10264743
223 314 0.09263608
223 328 0.10653089
223 393 0.10054000
223 560 0.09398520
224 203 0.07159449
224 341 0.06371685
224 487 0.04827054
224 560 0.04719141
224 773 0.05531235
225 209 0.06641138
225 213 0.06628361
225 219 0.15414647
225 230 0.08105975
225 231 0.16559575
225 240 0.11028466
225 260 0.14427613
225 263 0.10519003
225 264 0.14308529
225 289 0.15424661
225 293 0.09339841
225 294 0.15109379
225 349 0.22247080
226 259 0.09788488
226 284 0.08930591
226 299 0.08174346
226 323 0.08682039
226 327 0.10075700
227 65 0.12359104
227 262 0.05956662
227 285 0.05550936
227 370 0.13008066
227 483 0.06316967
227 907 0.04739442
228 34 0.07652558
228 205 0.08581319
228 220 0.06470159
228 235 0.05236968
228 238 0.34300265
228 263 0.08240800
229 45 0.10566528
229 180 0.05146421
229 222 0.01991794
229 230 0.09698024
229 282 0.16140035
229 304 0.09531667
229 343 0.05670328
229 345 0.10379606
229 396 0.06095427
230 180 0.05321263
230 225 0.08105975
230 229 0.09698024
230 287 0.06867102
230 327 0.08253947
230 329 0.09817515
230 347 0.05289388
230 617 0.08105234
230 1002 0.07775928
231 204 0.08226432
231 205 0.09742161
231 219 0.14985793
231 225 0.16559575
231 240 0.08405760
231 242 0.12136072
231 246 0.12973746
231 260 0.12337094
231 341 0.07656808
232 179 0.07912113
232 183 0.05115532
232 265 0.05271289
232 266 0.08833045
232 536 0.06838374
233 179 0.09740786
233 290 0.20754169
233 291 0.07877471
233 295 0.10919129
233 317 0.12989758
233 319 0.09767972
233 332 0.07443411
233 981 0.07491185
234 215 0.07115828
234 217 0.06605934
234 242 0.06700438
234 254 0.08979162
234 339 0.07831374
234 382 0.06452245
235 228 0.05236968
235 238 0.08293444
235 252 0.06794278
235 310 0.07827037
235 593 0.06422362
236 203 0.21517282
236 210 0.12199560
236 283 0.09783309
236 292 0.09323692
236 325 0.09633046
237 262 0.09150878
237 267 0.12132505
237 281 0.10046533
237 320 0.11538179
237 324 0.08614118
238 34 0.10928958
238 217 0.08224689
238 228 0.34300265
238 235 0.08293444
238 263 0.07758868
239 68 0.09675948
239 383 0.10062565
239 388 0.09595457
239 401 0.09491766
239 921 0.08172184
240 225 0.11028466
240 231 0.08405760
240 289 0.11866619
240 290 0.08265055
240 295 0.11187547
240 300 0.06174418
241 181 0.11798337
241 196 0.06889269
241 283 0.21327567
241 284 0.11657237
241 307 0.11907500
241 340 0.12858206
241 342 0.10299699
241 344 0.12389681
241 347 0.05636853
242 177 0.08808217
242 212 0.15400761
242 215 0.16287330
242 231 0.12136072
242 234 0.06700438
242 283 0.27316644
242 307 0.15307830
242 330 0.11672126
242 340 0.14274489
242 344 0.13418184
242 348 0.09959680
242 351 0.08145652
243 189 0.06196535
243 254 0.06052431
243 283 0.09548401
243 285 0.06107735
243 312 0.06756218
244 74 0.04451064
244 295 0.05187705
244 326 0.28439228
244 360 0.04237405
244 392 0.04310761
245 10 0.09200852
245 191 0.11269824
245 259 0.09571356
245 305 0.15819540
245 962 0.11329349
246 219 0.13454239
246 231 0.12973746
246 305 0.17576010
246 316 0.12118350
246 337 0.19251468
247 204 0.12681194
247 214 0.09380649
247 279 0.12216332
247 280 0.12862689
247 292 0.09575672
247 348 0.10378621
248 101 0.05865682
248 142 0.05181665
248 275 0.05390312
248 333 0.34145935
248 847 0.05248373
249 175 0.07438345
249 183 0.07361615
249 185 0.36668376
249 192 0.07465182
249 308 0.27601673
249 899 0.06321442
250 254 0.11962519
250 268 0.22223289
250 271 0.11004500
250 288 0.05405827
250 304 0.10951592
250 323 0.09705867
250 533 0.10569636
250 553 0.05067920
251 267 0.05769552
251 278 0.07411608
251 285 0.07593592
251 305 0.10930800
251 369 0.07642067
251 948 0.08944482
252 235 0.06794278
252 262 0.04240059
252 310 0.12761247
252 330 0.05635996
252 931 0.04301716
253 195 0.06968910
253 215 0.36211401
253 218 0.08990804
253 265 0.11477789
253 282 0.09091293
253 285 0.14695318
253 289 0.10305508
253 309 0.08081393
253 312 0.16755358
253 345 0.08327331
254 184 0.06267475
254 211 0.13556232
254 216 0.06473918
254 217 0.12172157
254 234 0.08979162
254 243 0.06052431
254 250 0.11962519
254 261 0.15546994
254 263 0.11068180
254 268 0.12258921
254 274 0.03951118
254 275 0.09462041
254 289 0.13498686
255 176 0.07125287
255 207 0.06777875
255 215 0.08045104
255 316 0.12513035
255 334 0.08551393
255 337 0.14337943
256 117 0.06348674
256 185 0.08876867
256 217 0.14192796
256 259 0.10594260
256 335 0.07099268
256 336 0.51118386
257 156 0.05209483
257 165 0.06716598
257 183 0.05716868
257 576 0.16027406
257 690 0.05496713
258 206 0.06784357
258 221 0.61429111
258 263 0.07796471
258 342 0.19090515
258 448 0.04970703
259 189 0.09311101
259 217 0.10635615
259 223 0.13699729
259 226 0.09788488
259 245 0.09571356
259 256 0.10594260
259 273 0.05627217
259 278 0.10881998
259 284 0.10527446
259 289 0.15429606
259 311 0.08674721
259 314 0.07572452
259 323 0.14948867
259 327 0.21460073
259 328 0.09246395
259 336 0.10036725
259 342 0.12492575
259 346 0.16373350
259 348 0.08495064
260 179 0.10051279
260 220 0.07946845
260 225 0.14427613
260 231 0.12337094
260 275 0.10269126
260 289 0.08668203
260 297 0.06942502
261 179 0.10653988
261 211 0.67484077
261 212 0.10870554
261 254 0.15546994
261 268 0.13502862
261 272 0.05477204
261 289 0.14198296
261 293 0.08025402
261 300 0.06233093
261 306 0.07564678
261 339 0.09974337
261 1024 0.07074855
262 210 0.21134382
262 215 0.13252270
262 227 0.05956662
262 237 0.09150878
262 252 0.04240059
262 270 0.23323612
262 276 0.07075330
262 292 0.23974663
262 324 0.09570033
263 225 0.10519003
263 228 0.08240800
263 238 0.07758868
263 254 0.11068180
263 258 0.07796471
263 268 0.13332173
263 282 0.07780854
263 283 0.09511194
263 289 0.11473446
263 306 0.08191047
263 320 0.07612728
264 189 0.68795663
264 193 0.08158112
264 209 0.18752363
264 211 0.15392635
264 219 0.14865434
264 225 0.14308529
265 215 0.12768961
265 218 0.67021206
265 232 0.05271289
265 253 0.11477789
265 285 0.52462155
265 303 0.11025278
265 315 0.12422079
266 212 0.08077774
266 222 0.10968332
266 232 0.08833045
266 287 0.07058770
266 890 0.07763978
266 1029 0.08236616
267 237 0.12132505
267 251 0.05769552
267 281 0.07734908
267 293 0.06842957
267 931 0.10397867
268 211 0.12859277
268 221 0.10981774
268 250 0.22223289
268 254 0.12258921
268 261 0.13502862
268 263 0.13332173
268 294 0.14400406
268 300 0.07517673
268 310 0.07336340
269 179 0.07816195
269 183 0.28227115
269 199 0.45514523
269 936 0.08535972
269 1012 0.08079961
270 182 0.20738842
270 205 0.08723573
270 210 0.23381603
270 222 0.01842444
270 262 0.23323612
270 292 0.28863213
270 318 0.10778834
270 325 0.18788899
270 335 0.07254959
271 220 0.08373378
271 250 0.11004500
271 295 0.07009811
271 304 0.09796125
271 321 0.07815338
272 185 0.08075325
272 261 0.05477204
272 280 0.05679470
272 306 0.06818965
272 330 0.09454575
273 189 0.05577009
273 223 0.05316048
273 259 0.05627217
273 312 0.05155367
273 677 0.04868710
274 254 0.03951118
274 303 0.04672220
274 315 0.05621086
274 347 0.04083614
274 987 0.03939338
275 184 0.06990768
275 214 0.11793034
275 216 0.07984724
275 248 0.05390312
275 254 0.09462041
275 260 0.10269126
275 304 0.09730494
275 311 0.08695870
275 332 0.28620853
275 334 0.07929889
276 213 0.07248732
276 262 0.07075330
276 290 0.07308607
276 317 0.15711667
276 329 0.06735043
277 180 0.47317372
277 300 0.05825704
277 390 0.06046011
277 404 0.05464118
277 775 0.06303650
278 185 0.10126361
278 188 0.30396705
278 215 0.10912875
278 251 0.07411608
278 259 0.10881998
278 299 0.09883440
278 312 0.12806660
278 317 0.09458193
278 390 0.06116547
278 464 0.04504619
279 204 0.08529450
279 247 0.12216332
279 289 0.16855665
279 298 0.14321371
279 299 0.10950860
279 345 0.13533800
279 346 0.21600845
280 199 0.06192374
280 247 0.12862689
280 272 0.05679470
280 416 0.05869372
280 517 0.06177135
280 908 0.06355226
281 212 0.08500416
281 237 0.10046533
281 267 0.07734908
281 285 0.07759320
281 293 0.11895873
281 313 0.07376907
282 193 0.13034686
282 200 0.17514551
282 229 0.16140035
282 253 0.09091293
282 263 0.07780854
282 494 0.04980580
283 182 0.10025369
283 203 0.10247223
283 236 0.09783309
283 241 0.21327567
283 242 0.27316644
283 243 0.09548401
283 263 0.09511194
283 293 0.07987184
283 307 0.13998397
283 325 0.14803324
283 340 0.15742619
283 344 0.18299087
284 181 0.60169039
284 226 0.08930591
284 241 0.11657237
284 259 0.10527446
284 337 0.09870594
284 390 0.06304662
284 449 0.09450532
285 183 0.07322842
285 212 0.12105104
285 215 0.16225161
285 218 0.46133734
285 227 0.05550936
285 243 0.06107735
