0 19 0.09413514
0 29 0.09453723
0 47 0.11095466
0 82 0.36254430
0 95 0.15047843
1 6 0.16544859
1 23 0.10483387
1 58 0.31295620
1 94 0.13182419
1 562 0.13528887
2 19 0.15110707
2 41 0.15893564
2 63 0.14408247
2 72 0.11774194
2 73 0.09038712
2 85 0.11448998
2 94 0.22604974
2 127 0.07458066
2 417 0.13036970
2 418 0.09275241
2 448 0.15014114
2 496 0.06514998
2 565 0.05426130
3 33 0.07541329
3 47 0.08019971
3 218 0.07647995
3 394 0.06948789
3 424 0.07766001
4 15 0.18096282
4 16 0.14925803
4 21 0.15872743
4 26 0.19300507
4 63 0.14366313
4 71 0.17243089
4 95 0.13325750
4 107 0.04448155
4 549 0.04856729
5 12 0.07040630
5 13 0.04906684
5 32 0.09117572
5 316 0.04822035
5 519 0.04343576
6 1 0.16544859
6 23 0.14698064
6 47 0.10714587
6 58 0.14471515
6 413 0.07398870
6 562 0.18375781
7 24 0.87971228
7 82 0.08681052
7 140 0.06702000
7 433 0.07364094
7 434 0.05356048
7 507 0.06042612
8 38 0.11483808
8 57 0.05349539
8 86 0.23712604
8 88 0.13869010
8 94 0.14461747
8 111 0.05718054
8 241 0.08851833
8 448 0.12171603
8 499 0.15265915
8 505 0.07861088
8 535 0.08598853
9 15 0.14783108
9 16 0.16353511
9 26 0.16854090
9 76 0.15969536
9 83 0.28714381
10 94 0.06149539
10 242 0.07139023
10 251 0.05973282
10 524 0.07751734
10 580 0.06261161
11 14 0.18509250
11 66 0.19020632
11 70 0.10605458
11 78 0.26527677
11 81 0.21048799
11 82 0.22074404
11 85 0.20200555
11 95 0.10007782
12 5 0.07040630
12 22 0.22028579
12 28 0.23342138
12 41 0.21112285
12 46 0.23826038
12 62 0.27597559
12 83 0.06960695
12 89 0.21101558
12 458 0.10785302
12 487 0.10040442
12 502 0.11045101
12 559 0.13866333
12 596 0.15852461
13 5 0.04906684
13 66 0.10716619
13 70 0.08352370
13 91 0.14876113
13 94 0.10277423
13 448 0.11121836
13 463 0.11598505
13 509 0.08939505
13 520 0.04551703
13 540 0.07354643
14 11 0.18509250
14 66 0.20155980
14 78 0.31123838
14 81 0.21074123
14 82 0.24062841
15 4 0.18096282
15 9 0.14783108
15 17 0.16971205
15 21 0.18239329
15 25 0.15190542
15 26 0.67867904
15 45 0.26827998
15 60 0.30303215
15 76 0.17212002
15 84 0.18135603
15 570 0.14471462
16 4 0.14925803
16 9 0.16353511
16 21 0.16007317
16 26 0.17172458
16 46 0.17041605
16 62 0.18618746
16 76 0.29113573
17 15 0.16971205
17 23 0.28757410
17 26 0.16217688
17 45 0.15081550
17 60 0.18189596
17 66 0.26145444
17 405 0.05980169
18 20 0.09210763
18 30 0.05816581
18 46 0.07508847
18 76 0.08071552
18 575 0.34599338
19 0 0.09413514
19 2 0.15110707
19 47 0.09345945
19 94 0.09390474
19 448 0.07920172
20 18 0.09210763
20 30 0.17534170
20 46 0.20902213
20 59 0.12164014
20 76 0.20623460
20 83 0.10577800
20 90 0.14610190
20 363 0.06724581
20 567 0.16583128
21 4 0.15872743
21 15 0.18239329
21 16 0.16007317
21 25 0.65531042
21 26 0.18614038
21 36 0.24996299
21 50 0.10065060
21 513 0.10477889
22 12 0.22028579
22 28 0.18181118
22 30 0.21985964
22 41 0.16092687
22 49 0.26699262
22 89 0.39803204
22 90 0.39321033
22 213 0.06178285
22 458 0.12242027
22 502 0.11077081
22 556 0.04638884
23 1 0.10483387
23 6 0.14698064
23 17 0.28757410
23 36 0.21857524
23 55 0.25255685
23 58 0.13110735
23 65 0.21887196
23 66 0.38155335
23 562 0.18585677
24 7 0.87971228
24 162 0.05861294
24 433 0.06581510
24 470 0.06483457
24 507 0.06096593
25 15 0.15190542
25 21 0.65531042
25 26 0.15252287
25 36 0.24081204
25 45 0.14063126
25 51 0.11181305
25 79 0.10168189
26 4 0.19300507
26 9 0.16854090
26 15 0.67867904
26 16 0.17172458
26 17 0.16217688
26 21 0.18614038
26 25 0.15252287
26 45 0.24555696
26 60 0.30889532
26 63 0.14802203
26 84 0.16099675
26 567 0.18082015
26 570 0.15617797
27 54 0.07434460
27 72 0.10394457
27 88 0.07187439
27 448 0.07109891
27 533 0.12882071
28 12 0.23342138
28 22 0.18181118
28 46 0.22103701
28 49 0.45511571
28 62 0.27467044
28 87 0.14753969
28 502 0.11714150
29 0 0.09453723
29 42 0.06305983
29 47 0.14890681
29 88 0.13557142
29 94 0.14978304
29 448 0.13623172
29 487 0.10113497
29 533 0.10979282
30 18 0.05816581
30 20 0.17534170
30 22 0.21985964
30 46 0.18591160
30 49 0.23659248
30 89 0.23036838
30 90 0.35952849
30 363 0.06187650
30 469 0.07821439
30 539 0.05918436
31 69 0.13270076
31 94 0.11571608
31 267 0.11634031
31 410 0.13328821
31 461 0.09498016
31 489 0.08969228
31 590 0.11510221
32 5 0.09117572
32 35 0.37553825
32 73 0.07251303
32 94 0.06835003
32 448 0.07722019
33 3 0.07541329
33 73 0.11003784
33 508 0.16910326
33 526 0.20721685
33 551 0.23110783
33 552 0.22218290
33 583 0.15933186
34 37 0.11919231
34 94 0.10714520
34 424 0.10428301
34 470 0.12846755
34 533 0.11507142
35 32 0.37553825
35 94 0.06129830
35 447 0.07120579
35 499 0.06316650
35 510 0.05906265
36 21 0.24996299
36 23 0.21857524
36 25 0.24081204
36 51 0.15872145
36 55 0.19980177
36 66 0.21739426
36 79 0.11524089
36 513 0.07835023
37 34 0.11919231
37 71 0.09608753
37 79 0.10531631
37 448 0.09252995
37 533 0.10882745
38 8 0.11483808
38 94 0.13100603
38 98 0.23983744
38 111 0.05763543
38 432 0.07905644
38 447 0.23573692
38 448 0.11894993
38 459 0.10323349
38 473 0.10992401
38 479 0.08366752
38 560 0.05625918
38 579 0.06040331
38 584 0.09104438
39 66 0.23198677
39 78 0.20619382
39 81 0.16969513
39 82 0.18814665
39 98 0.12017406
39 428 0.12367869
39 472 0.14357120
39 478 0.06070576
39 553 0.18502944
40 43 0.18813080
40 53 0.30190235
40 59 0.07195198
40 77 0.08770123
40 433 0.07376374
41 2 0.15893564
41 12 0.21112285
41 22 0.16092687
41 70 0.11469304
41 89 0.16213885
41 94 0.19823633
41 127 0.08022470
41 158 0.04710756
41 188 0.04169066
41 217 0.04984446
41 220 0.08434401
41 418 0.09369579
41 458 0.13317837
41 502 0.12832566
41 509 0.07127422
41 512 0.07044166
41 546 0.17688312
41 547 0.07898736
41 553 0.13477060
41 559 0.12596845
41 569 0.04569562
41 576 0.08633920
42 29 0.06305983
42 94 0.06229435
42 245 0.06813536
42 295 0.06580130
42 537 0.14076135
43 40 0.18813080
43 53 0.29818169
43 77 0.21640599
43 94 0.08726986
43 433 0.07601794
43 526 0.09635624
44 48 0.31589512
44 54 0.44837996
44 65 0.22215768
44 419 0.12713680
44 597 0.12933425
45 15 0.26827998
45 17 0.15081550
45 25 0.14063126
45 26 0.24555696
45 60 0.18451631
46 12 0.23826038
46 16 0.17041605
46 18 0.07508847
46 20 0.20902213
46 28 0.22103701
46 30 0.18591160
46 62 0.59814557
46 76 0.25729324
46 84 0.16394637
46 90 0.21043073
47 0 0.11095466
47 3 0.08019971
47 6 0.10714587
47 19 0.09345945
47 29 0.14890681
47 94 0.16072411
47 409 0.11970480
47 448 0.12030407
47 524 0.09494996
47 545 0.06073447
47 577 0.08877943
47 594 0.06218516
48 44 0.31589512
48 65 0.20631108
48 192 0.04951154
48 399 0.04381460
48 510 0.04337617
49 22 0.26699262
49 28 0.45511571
49 30 0.23659248
49 87 0.10541468
49 89 0.23753630
49 90 0.27941385
49 363 0.07127605
49 534 0.02840214
49 558 0.06967647
50 21 0.10065060
50 94 0.09804677
50 99 0.08072412
50 421 0.06678628
50 462 0.08612721
50 466 0.12246551
51 25 0.11181305
51 36 0.15872145
51 71 0.09505920
51 79 0.29240834
51 94 0.09137698
51 136 0.06554477
51 548 0.08734666
51 556 0.04095141
52 78 0.13899679
52 82 0.14181130
52 162 0.14262650
52 232 0.07760761
52 408 0.12272172
52 456 0.11034005
52 464 0.09065029
53 40 0.30190235
53 43 0.29818169
53 77 0.26306875
53 181 0.04799206
53 273 0.06958245
53 506 0.07140489
54 27 0.07434460
54 44 0.44837996
54 73 0.08886012
54 419 0.11165788
54 564 0.07262436
54 572 0.06800951
54 596 0.07750103
54 597 0.13369030
55 23 0.25255685
55 36 0.19980177
55 61 0.11884355
55 64 0.05594718
55 65 0.25719887
55 66 0.24337564
55 473 0.13034429
55 526 0.21857274
56 74 0.15349658
56 96 0.10749551
56 153 0.06010005
56 193 0.12128111
56 422 0.09919868
56 476 0.09282745
57 8 0.05349539
57 73 0.06021231
57 94 0.04826960
57 407 0.12203477
57 435 0.05761490
58 1 0.31295620
58 6 0.14471515
58 23 0.13110735
58 559 0.07408230
58 562 0.19191028
59 20 0.12164014
59 40 0.07195198
59 64 0.07205880
59 83 0.09324142
59 118 0.08346283
59 122 0.07876006
59 193 0.06633851
59 534 0.06738345
59 546 0.10622593
59 567 0.16210412
60 15 0.30303215
60 17 0.18189596
60 26 0.30889532
60 45 0.18451631
60 63 0.16951915
61 55 0.11884355
61 487 0.08063499
61 508 0.14700815
61 526 0.25572086
61 549 0.05510515
61 551 0.21051940
61 552 0.18936999
62 12 0.27597559
62 16 0.18618746
62 28 0.27467044
62 46 0.59814557
62 84 0.16625268
62 90 0.18552343
63 2 0.14408247
63 4 0.14366313
63 26 0.14802203
63 60 0.16951915
63 71 0.12330718
63 94 0.14632520
64 55 0.05594718
64 59 0.07205880
64 65 0.06350511
64 66 0.05217855
64 546 0.05552913
65 23 0.21887196
65 44 0.22215768
65 48 0.20631108
65 55 0.25719887
65 64 0.06350511
65 66 0.21810226
66 11 0.19020632
66 13 0.10716619
66 14 0.20155980
66 17 0.26145444
66 23 0.38155335
66 36 0.21739426
66 39 0.23198677
66 55 0.24337564
66 64 0.05217855
66 65 0.21810226
66 78 0.26065077
66 81 0.20277918
67 73 0.05180989
67 74 0.10246201
67 75 0.07169357
67 533 0.13537323
67 538 0.14412131
68 326 0.14151116
68 525 0.03991360
68 546 0.16263012
68 567 0.13147277
68 570 0.13847911
68 596 0.18829412
69 31 0.13270076
69 91 0.10698238
69 346 0.10140084
69 448 0.12324291
69 462 0.10644106
69 495 0.08470071
70 11 0.10605458
70 13 0.08352370
70 41 0.11469304
70 85 0.08093089
70 94 0.10874579
71 4 0.17243089
71 37 0.09608753
71 51 0.09505920
71 63 0.12330718
71 94 0.11508793
71 99 0.12118062
71 201 0.04948954
71 513 0.08106710
71 547 0.09071259
72 2 0.11774194
72 27 0.10394457
72 86 0.11979370
72 88 0.12129418
72 94 0.17999709
72 213 0.05980204
72 448 0.12054849
72 500 0.10373546
73 2 0.09038712
73 32 0.07251303
73 33 0.11003784
73 54 0.08886012
73 57 0.06021231
73 67 0.05180989
73 80 0.10304019
73 94 0.10222522
73 230 0.10793413
73 394 0.05927473
74 56 0.15349658
74 67 0.10246201
74 75 0.11797413
74 96 0.20162740
74 193 0.05670189
74 533 0.12953695
75 67 0.07169357
75 74 0.11797413
75 91 0.09229261
75 96 0.14107457
75 455 0.09976282
75 472 0.15309003
75 480 0.10533760
75 485 0.12477021
75 542 0.12757602
75 571 0.10122558
76 9 0.15969536
76 15 0.17212002
76 16 0.29113573
76 18 0.08071552
76 20 0.20623460
76 46 0.25729324
76 84 0.18473716
77 40 0.08770123
77 43 0.21640599
77 53 0.26306875
77 94 0.16177295
77 438 0.10882389
77 442 0.11078117
77 521 0.08563618
77 549 0.03857296
77 557 0.10895796
78 11 0.26527677
78 14 0.31123838
78 39 0.20619382
78 52 0.13899679
78 66 0.26065077
78 81 0.37922942
78 82 0.36531857
79 25 0.10168189
79 36 0.11524089
79 37 0.10531631
79 51 0.29240834
79 521 0.12908207
80 73 0.10304019
80 86 0.12279573
80 94 0.08011153
80 108 0.05533575
80 116 0.06031975
80 220 0.07678760
80 394 0.06921749
80 448 0.08732794
81 11 0.21048799
81 14 0.21074123
81 39 0.16969513
81 66 0.20277918
81 78 0.37922942
81 82 0.25658629
81 93 0.14842399
81 390 0.09163450
82 0 0.36254430
82 7 0.08681052
82 11 0.22074404
82 14 0.24062841
82 39 0.18814665
82 52 0.14181130
82 78 0.36531857
82 81 0.25658629
82 95 0.13060453
83 9 0.28714381
83 12 0.06960695
83 20 0.10577800
83 59 0.09324142
83 567 0.13014652
84 15 0.18135603
84 26 0.16099675
84 46 0.16394637
84 62 0.16625268
84 76 0.18473716
84 278 0.07264137
84 532 0.10752389
85 2 0.11448998
85 11 0.20200555
85 70 0.08093089
85 95 0.07044157
85 314 0.09596802
85 595 0.04061404
86 8 0.23712604
86 72 0.11979370
86 80 0.12279573
86 94 0.17707916
86 409 0.15515379
86 411 0.13275513
86 447 0.13373166
86 449 0.09741715
86 477 0.13264976
86 504 0.11139805
86 560 0.06068106
86 580 0.06973576
87 28 0.14753969
87 49 0.10541468
87 88 0.10782447
87 94 0.10923144
87 96 0.13244332
87 103 0.07546177
87 474 0.08102022
88 8 0.13869010
88 27 0.07187439
88 29 0.13557142
88 72 0.12129418
88 87 0.10782447
88 94 0.18972541
88 400 0.12459423
88 414 0.13839061
88 438 0.12414217
88 442 0.14904457
88 443 0.07604030
88 448 0.14035415
88 492 0.09406945
88 500 0.10289292
88 519 0.10104176
88 535 0.09507307
88 594 0.06386763
89 12 0.21101558
89 22 0.39803204
89 30 0.23036838
89 41 0.16213885
89 49 0.23753630
89 90 0.87309440
90 20 0.14610190
90 22 0.39321033
90 30 0.35952849
90 46 0.21043073
90 49 0.27941385
90 62 0.18552343
90 89 0.87309440
91 13 0.14876113
91 69 0.10698238
91 75 0.09229261
91 94 0.09412770
91 416 0.08409477
91 555 0.09273433
92 323 0.04101297
92 336 0.13343084
92 391 0.05673073
92 444 0.07405308
92 469 0.07295696
93 81 0.14842399
93 412 0.08388032
93 422 0.12338350
93 447 0.10233076
93 512 0.07246886
93 538 0.09967213
93 557 0.11313361
94 1 0.13182419
94 2 0.22604974
94 8 0.14461747
94 10 0.06149539
94 13 0.10277423
94 19 0.09390474
94 29 0.14978304
94 31 0.11571608
94 32 0.06835003
94 34 0.10714520
94 35 0.06129830
94 38 0.13100603
94 41 0.19823633
94 42 0.06229435
94 43 0.08726986
94 47 0.16072411
94 50 0.09804677
94 51 0.09137698
94 57 0.04826960
94 63 0.14632520
94 70 0.10874579
94 71 0.11508793
94 72 0.17999709
94 73 0.10222522
94 77 0.16177295
94 80 0.08011153
94 86 0.17707916
94 87 0.10923144
94 88 0.18972541
94 91 0.09412770
94 96 0.12822666
94 99 0.09289360
94 127 0.07774371
94 217 0.04806685
94 230 0.12494648
94 400 0.12757119
94 401 0.07599658
94 403 0.05624180
94 405 0.05431736
94 409 0.15021137
94 414 0.15278136
94 416 0.07287860
94 417 0.19168877
94 418 0.10479624
94 422 0.14039135
94 424 0.12287556
94 425 0.08164233
94 431 0.15562368
94 435 0.10257948
94 438 0.11745545
94 439 0.11442049
94 442 0.17219796
94 445 0.07755840
94 447 0.15034770
94 448 0.25588585
94 453 0.07039494
94 458 0.15874256
94 459 0.11462930
94 462 0.13634856
94 463 0.13166688
94 470 0.14644076
94 480 0.11111858
94 491 0.14908669
94 494 0.06924899
94 496 0.07662824
94 502 0.12881174
94 504 0.12149810
94 507 0.15766633
94 509 0.08805348
94 512 0.06159940
94 515 0.14334518
94 521 0.09096774
94 522 0.16118394
94 524 0.09662243
94 528 0.09873768
94 532 0.11360147
94 533 0.19739204
94 535 0.09911906
94 538 0.09483952
94 541 0.07309715
94 545 0.06808350
94 547 0.09712674
94 555 0.11944050
94 571 0.09471147
94 577 0.07042100
94 580 0.07754724
94 581 0.05167430
94 585 0.09446066
94 590 0.12908026
94 593 0.07416312
94 597 0.11591002
94 599 0.03752657
95 0 0.15047843
95 4 0.13325750
95 11 0.10007782
95 82 0.13060453
95 85 0.07044157
95 448 0.07352785
96 56 0.10749551
96 74 0.20162740
96 75 0.14107457
96 87 0.13244332
96 94 0.12822666
96 417 0.11709863
96 452 0.08694936
96 545 0.07092643
96 554 0.04469207
97 482 0.14164163
97 508 0.17759594
97 510 0.14842760
97 526 0.14270331
97 551 0.18340969
97 552 0.17896982
98 38 0.23983744
98 39 0.12017406
98 447 0.10054301
98 448 0.09705440
98 473 0.13329583
98 512 0.05724465
98 518 0.06249984
98 584 0.08368199
99 50 0.08072412
99 71 0.12118062
99 94 0.09289360
99 446 0.08034872
99 521 0.08428229
100 114 0.07797288
100 115 0.07228758
100 116 0.06504566
100 124 0.08140942
100 142 0.06847173
100 163 0.07115490
100 173 0.06278935
101 104 0.21329820
101 107 0.06986879
101 134 0.24841884
101 144 0.14636759
101 186 0.08855491
101 190 0.09024774
102 130 0.06000742
102 132 0.07882627
102 144 0.05385289
102 146 0.07718107
102 157 0.06358708
102 163 0.08553513
102 167 0.05908439
102 169 0.08436273
102 171 0.10211592
102 190 0.15213396
103 87 0.07546177
103 108 0.04871019
103 117 0.31768103
103 155 0.04595737
103 317 0.04802201
104 101 0.21329820
104 109 0.08783003
104 124 0.07315029
104 134 0.16351473
104 186 0.68291990
104 190 0.13748949
105 130 0.07408203
105 138 0.10550408
105 144 0.11260944
105 150 0.08759283
105 154 0.16017821
105 160 0.10322599
105 191 0.17079770
105 192 0.08271036
106 120 0.14080282
106 128 0.09521872
106 131 0.09258370
106 138 0.15227950
106 147 0.10607714
106 150 0.12126655
106 161 0.07329686
106 163 0.13672496
106 183 0.08020095
107 4 0.04448155
107 101 0.06986879
107 195 0.06232248
107 366 0.04782500
107 370 0.03946744
108 80 0.05533575
108 103 0.04871019
108 118 0.06566284
108 150 0.05883779
108 181 0.06058843
108 411 0.05603602
109 104 0.08783003
109 126 0.24347771
109 131 0.19174781
109 140 0.07009900
109 165 0.07527435
109 176 0.06930865
109 179 0.08148274
109 180 0.20090097
109 186 0.09870384
109 190 0.18848791
110 121 0.08896861
110 128 0.36397540
110 134 0.14687882
110 158 0.04633478
110 183 0.05116163
110 186 0.09387904
110 190 0.10909223
110 285 0.07176947
111 8 0.05718054
111 38 0.05763543
111 160 0.06740672
111 162 0.10538535
111 164 0.06136721
112 117 0.05035504
112 213 0.07400157
112 243 0.05356343
112 383 0.05251278
112 594 0.05016237
113 127 0.06754389
113 152 0.06925042
113 163 0.09490215
113 182 0.07585076
113 506 0.07055491
114 100 0.07797288
114 123 0.08680212
114 133 0.08152501
114 139 0.07384718
114 153 0.06766057
114 156 0.06136814
114 168 0.12992584
115 100 0.07228758
115 124 0.66807186
115 142 0.06486386
115 186 0.07434206
115 591 0.07695519
116 80 0.06031975
116 100 0.06504566
116 143 0.06732536
116 151 0.04678875
116 166 0.06036946
116 191 0.06014168
117 103 0.31768103
117 112 0.05035504
117 120 0.05791117
117 172 0.07847463
117 267 0.05985250
117 295 0.06083555
118 59 0.08346283
118 108 0.06566284
118 120 0.09460015
118 122 0.18246739
118 183 0.04383023
118 189 0.06377598
118 385 0.07468186
118 567 0.13604936
119 121 0.27155113
119 138 0.07298381
119 142 0.08215429
119 163 0.05045457
119 166 0.05518908
120 106 0.14080282
120 117 0.05791117
120 118 0.09460015
120 128 0.13620507
120 129 0.08774471
120 131 0.16964233
120 132 0.10999364
120 155 0.12060641
120 158 0.09379535
120 176 0.09115414
120 183 0.05925706
120 196 0.06196874
120 362 0.06226888
121 110 0.08896861
121 119 0.27155113
121 138 0.11628851
121 142 0.08306236
121 143 0.08889132
121 163 0.12058775
121 166 0.09089227
121 170 0.05612942
122 59 0.07876006
122 118 0.18246739
122 142 0.07987532
122 567 0.10242809
122 573 0.08027359
122 574 0.06163016
122 588 0.05438358
123 114 0.08680212
123 138 0.06646244
123 153 0.06129177
123 182 0.05684232
123 393 0.07377266
123 398 0.07477477
124 100 0.08140942
124 104 0.07315029
124 115 0.66807186
124 155 0.09741346
124 176 0.06789597
124 186 0.09758207
124 268 0.06684931
125 128 0.07854283
125 153 0.07793414
125 163 0.05185683
125 168 0.05308254
125 299 0.07371202
126 109 0.24347771
126 131 0.16350672
126 135 0.04870129
126 163 0.05365054
126 502 0.04869261
127 2 0.07458066
127 41 0.08022470
127 94 0.07774371
127 113 0.06754389
127 170 0.05238434
127 417 0.08717548
127 434 0.06404386
127 449 0.06463483
127 520 0.04775023
127 546 0.10902748
128 106 0.09521872
128 110 0.36397540
128 120 0.13620507
128 125 0.07854283
128 177 0.08063622
128 195 0.06975122
129 120 0.08774471
129 138 0.09259215
129 140 0.08593674
129 165 0.06306922
129 169 0.10613119
129 190 0.18714828
130 102 0.06000742
130 105 0.07408203
130 163 0.06275839
130 186 0.06911225
130 345 0.05195397
131 106 0.09258370
131 109 0.19174781
131 120 0.16964233
131 126 0.16350672
131 139 0.09126825
131 155 0.12643935
131 184 0.06586833
131 196 0.08845640
132 102 0.07882627
132 120 0.10999364
132 143 0.07161950
132 146 0.04936028
132 163 0.10112814
132 168 0.07675362
132 187 0.06294800
133 114 0.08152501
133 139 0.10146844
133 172 0.07873859
133 184 0.08439562
133 197 0.07904879
134 101 0.24841884
134 104 0.16351473
134 110 0.14687882
134 142 0.06834078
134 163 0.06101415
135 126 0.04870129
135 163 0.05764123
135 179 0.06346956
135 188 0.06210362
135 510 0.05363357
136 51 0.06554477
136 160 0.05390919
136 205 0.08003012
136 298 0.05269130
136 534 0.05855819
137 140 0.59893682
137 333 0.04863317
137 355 0.05197594
137 373 0.05025072
137 521 0.04978590
138 105 0.10550408
138 106 0.15227950
138 119 0.07298381
138 121 0.11628851
138 123 0.06646244
138 129 0.09259215
138 141 0.07011509
138 143 0.10903819
138 145 0.05692529
138 147 0.09111421
138 160 0.05488732
138 163 0.13612810
138 166 0.08891730
138 178 0.06777032
138 196 0.10053475
139 114 0.07384718
139 131 0.09126825
139 133 0.10146844
139 163 0.07901491
139 172 0.10490017
139 186 0.07809653
140 7 0.06702000
140 109 0.07009900
140 129 0.08593674
140 137 0.59893682
140 186 0.08342820
140 190 0.11773135
141 138 0.07011509
141 155 0.06693191
141 163 0.08125618
141 177 0.06730633
141 189 0.08416567
141 565 0.04584817
142 100 0.06847173
142 115 0.06486386
142 119 0.08215429
142 121 0.08306236
142 122 0.07987532
142 134 0.06834078
142 152 0.10106321
142 163 0.10386624
142 165 0.07691825
142 168 0.12941895
142 194 0.06043636
143 116 0.06732536
143 121 0.08889132
143 132 0.07161950
143 138 0.10903819
143 163 0.12368582
143 166 0.59935343
143 167 0.07943948
143 173 0.05598835
143 196 0.09569674
144 101 0.14636759
144 102 0.05385289
144 105 0.11260944
144 179 0.10549970
144 190 0.09781039
145 138 0.05692529
145 208 0.05968645
145 281 0.04988762
145 410 0.04933410
145 411 0.04956774
146 102 0.07718107
146 132 0.04936028
146 192 0.05546840
146 199 0.05389969
146 237 0.06842182
147 106 0.10607714
147 138 0.09111421
147 155 0.09098750
147 156 0.08575942
147 163 0.11478688
147 171 0.08702750
147 172 0.08180646
147 181 0.04880507
147 189 0.05530021
147 191 0.08619994
147 265 0.05543004
147 279 0.06709552
148 264 0.05690235
148 275 0.07445987
148 297 0.06552368
148 306 0.07622474
148 310 0.07301903
148 337 0.08274975
148 380 0.07348425
148 384 0.09861846
149 157 0.70626180
149 175 0.08483711
149 355 0.06052959
149 390 0.05081247
149 476 0.05004996
150 105 0.08759283
150 106 0.12126655
150 108 0.05883779
150 191 0.08812132
150 192 0.07017157
150 454 0.13063258
151 116 0.04678875
151 163 0.03898897
151 164 0.03910329
151 184 0.04544468
151 286 0.07154951
152 113 0.06925042
152 142 0.10106321
152 159 0.09664913
152 163 0.08395977
152 171 0.08574834
153 56 0.06010005
153 114 0.06766057
153 123 0.06129177
153 125 0.07793414
153 168 0.06374106
153 193 0.05761066
154 105 0.16017821
154 160 0.05360021
154 161 0.06155555
154 180 0.07271893
154 186 0.05742589
154 192 0.05274284
154 243 0.05994197
155 103 0.04595737
155 120 0.12060641
155 124 0.09741346
155 131 0.12643935
155 141 0.06693191
155 147 0.09098750
155 163 0.12448532
155 173 0.07200930
155 185 0.08113503
156 114 0.06136814
156 147 0.08575942
156 161 0.06642690
156 168 0.09467324
156 176 0.06333872
157 102 0.06358708
157 149 0.70626180
157 171 0.05883559
157 190 0.06122555
157 355 0.07267346
158 41 0.04710756
158 110 0.04633478
158 120 0.09379535
158 176 0.04681660
158 436 0.04255064
159 152 0.09664913
159 163 0.05081176
159 205 0.06466734
159 461 0.05679706
159 489 0.07117472
160 105 0.10322599
160 111 0.06740672
160 136 0.05390919
160 138 0.05488732
160 154 0.05360021
160 534 0.04534523
161 106 0.07329686
161 154 0.06155555
161 156 0.06642690
161 163 0.08251808
161 185 0.08344327
161 191 0.11963615
161 197 0.07899957
162 24 0.05861294
162 52 0.14262650
162 111 0.10538535
162 167 0.04760775
162 168 0.07420279
162 170 0.05060185
162 225 0.06801559
162 539 0.06604009
163 100 0.07115490
163 102 0.08553513
163 106 0.13672496
163 113 0.09490215
163 119 0.05045457
163 121 0.12058775
163 125 0.05185683
163 126 0.05365054
163 130 0.06275839
163 132 0.10112814
163 134 0.06101415
163 135 0.05764123
163 138 0.13612810
163 139 0.07901491
163 141 0.08125618
163 142 0.10386624
163 143 0.12368582
163 147 0.11478688
163 151 0.03898897
163 152 0.08395977
163 155 0.12448532
163 159 0.05081176
163 161 0.08251808
163 164 0.07526674
163 166 0.09715370
163 169 0.08024870
163 171 0.11396756
163 172 0.08574153
163 173 0.07699133
163 178 0.07596760
163 180 0.08286686
163 181 0.06268517
163 183 0.04323372
163 184 0.06886207
163 188 0.04883107
163 189 0.06210337
163 191 0.11513714
163 196 0.08964417
163 230 0.11815851
164 111 0.06136721
164 151 0.03910329
164 163 0.07526674
164 168 0.14765231
164 174 0.07869227
164 177 0.10469669
164 179 0.15592383
165 109 0.07527435
165 129 0.06306922
165 142 0.07691825
165 180 0.52575415
165 190 0.13658338
166 116 0.06036946
166 119 0.05518908
166 121 0.09089227
166 138 0.08891730
166 143 0.59935343
166 163 0.09715370
166 167 0.11751399
166 228 0.05727146
166 434 0.07061159
167 102 0.05908439
167 143 0.07943948
167 162 0.04760775
167 166 0.11751399
167 345 0.09531893
168 114 0.12992584
168 125 0.05308254
168 132 0.07675362
168 142 0.12941895
168 153 0.06374106
168 156 0.09467324
168 162 0.07420279
168 164 0.14765231
168 176 0.09791913
168 187 0.05376529
168 199 0.09374951
169 102 0.08436273
169 129 0.10613119
169 163 0.08024870
169 171 0.08844287
169 244 0.07538961
170 121 0.05612942
170 127 0.05238434
170 162 0.05060185
170 545 0.05798912
170 577 0.05702690
171 102 0.10211592
171 147 0.08702750
171 152 0.08574834
171 157 0.05883559
171 163 0.11396756
171 169 0.08844287
171 197 0.08033500
172 117 0.07847463
172 133 0.07873859
172 139 0.10490017
172 147 0.08180646
172 163 0.08574153
172 178 0.06252391
172 217 0.04599719
173 100 0.06278935
173 143 0.05598835
173 155 0.07200930
173 163 0.07699133
173 244 0.06449140
173 258 0.04915020
174 164 0.07869227
174 180 0.07528825
174 186 0.08802883
174 190 0.15014825
174 324 0.07239666
175 149 0.08483711
175 238 0.08454491
175 269 0.07517716
175 281 0.10285917
175 290 0.06243193
176 109 0.06930865
176 120 0.09115414
176 124 0.06789597
176 156 0.06333872
176 158 0.04681660
176 168 0.09791913
176 186 0.07998352
177 128 0.08063622
177 141 0.06730633
177 164 0.10469669
177 179 0.05887988
177 242 0.05828512
178 138 0.06777032
178 163 0.07596760
178 172 0.06252391
178 188 0.07276678
178 189 0.06856995
179 109 0.08148274
179 135 0.06346956
179 144 0.10549970
179 164 0.15592383
179 177 0.05887988
179 190 0.14103753
180 109 0.20090097
180 154 0.07271893
180 163 0.08286686
180 165 0.52575415
180 174 0.07528825
180 186 0.09642057
180 190 0.12396381
181 53 0.04799206
181 108 0.06058843
181 147 0.04880507
181 163 0.06268517
181 501 0.05856923
182 113 0.07585076
182 123 0.05684232
182 194 0.05189330
182 355 0.06599103
182 390 0.06144507
182 432 0.05607431
183 106 0.08020095
183 110 0.05116163
183 118 0.04383023
183 120 0.05925706
183 163 0.04323372
184 131 0.06586833
184 133 0.08439562
184 151 0.04544468
184 163 0.06886207
184 186 0.08080204
184 197 0.08559214
185 155 0.08113503
185 161 0.08344327
185 194 0.05172955
185 199 0.18728038
185 287 0.07125732
185 590 0.06031940
186 101 0.08855491
186 104 0.68291990
186 109 0.09870384
186 110 0.09387904
186 115 0.07434206
186 124 0.09758207
186 130 0.06911225
186 139 0.07809653
186 140 0.08342820
186 154 0.05742589
186 174 0.08802883
186 176 0.07998352
186 180 0.09642057
186 184 0.08080204
186 187 0.07955841
186 190 0.19047350
186 192 0.08460223
187 132 0.06294800
187 168 0.05376529
187 186 0.07955841
187 191 0.05636545
187 461 0.06661310
188 41 0.04169066
188 135 0.06210362
188 163 0.04883107
188 178 0.07276678
188 458 0.04869648
189 118 0.06377598
189 141 0.08416567
189 147 0.05530021
189 163 0.06210337
189 178 0.06856995
189 403 0.05303330
190 101 0.09024774
190 102 0.15213396
190 104 0.13748949
190 109 0.18848791
190 110 0.10909223
190 129 0.18714828
190 140 0.11773135
190 144 0.09781039
190 157 0.06122555
190 165 0.13658338
190 174 0.15014825
190 179 0.14103753
190 180 0.12396381
190 186 0.19047350
190 199 0.06716525
191 105 0.17079770
191 116 0.06014168
191 147 0.08619994
191 150 0.08812132
191 161 0.11963615
191 163 0.11513714
191 187 0.05636545
192 48 0.04951154
192 105 0.08271036
192 146 0.05546840
192 150 0.07017157
192 154 0.05274284
192 186 0.08460223
193 56 0.12128111
193 59 0.06633851
193 74 0.05670189
193 153 0.05761066
193 546 0.06185156
194 142 0.06043636
194 182 0.05189330
194 185 0.05172955
194 285 0.05218254
194 519 0.06964392
194 540 0.04536904
195 107 0.06232248
195 128 0.06975122
195 370 0.07415644
195 579 0.23041589
195 589 0.24445032
196 120 0.06196874
196 131 0.08845640
196 138 0.10053475
196 143 0.09569674
196 163 0.08964417
197 133 0.07904879
197 161 0.07899957
197 171 0.08033500
197 184 0.08559214
197 205 0.07893951
197 403 0.06411421
198 261 0.06253660
198 263 0.05648725
198 264 0.03983255
198 388 0.04160855
198 559 0.03459339
199 146 0.05389969
199 168 0.09374951
199 185 0.18728038
199 190 0.06716525
199 390 0.07388926
199 459 0.07465732
199 595 0.05164313
200 208 0.14952493
200 210 0.12960670
200 221 0.15438316
200 224 0.07865779
200 225 0.11092340
200 231 0.24075814
200 249 0.06833657
200 258 0.12656400
200 286 0.16557199
201 71 0.04948954
201 224 0.05455141
201 231 0.05207153
201 239 0.04027928
201 448 0.04024504
202 219 0.19296705
202 227 0.16834570
202 237 0.06664428
202 266 0.07438320
202 282 0.07686700
202 298 0.21893054
203 221 0.10143294
203 228 0.05764193
203 261 0.10132400
203 271 0.20552503
203 275 0.09029039
203 296 0.15429043
204 221 0.05954606
204 231 0.07443792
204 263 0.05296570
204 282 0.05512947
204 501 0.07041062
205 136 0.08003012
205 159 0.06466734
205 197 0.07893951
205 243 0.06525351
205 266 0.08944893
206 221 0.11059537
206 223 0.10482098
206 229 0.13530662
206 238 0.08139174
206 239 0.08226529
206 277 0.13155048
206 292 0.05683129
207 221 0.04535584
207 261 0.04495460
207 262 0.04412204
207 266 0.04455924
207 284 0.05445949
208 145 0.05968645
208 200 0.14952493
208 221 0.11851459
208 226 0.08652445
208 248 0.08635166
208 286 0.16902060
208 405 0.05183032
208 411 0.08357141
209 223 0.06218659
209 230 0.05754395
209 231 0.05647040
209 233 0.38208903
209 288 0.12009487
210 200 0.12960670
210 224 0.11754651
210 231 0.09938692
210 233 0.20151744
210 253 0.31953551
210 255 0.23736441
210 257 0.07303555
210 267 0.07117329
210 362 0.05486825
211 219 0.06439372
211 232 0.29457954
211 244 0.07227418
211 260 0.08284892
211 266 0.06774365
212 214 0.06718153
212 215 0.13289670
212 238 0.10809803
212 249 0.04930351
212 259 0.05339708
213 22 0.06178285
213 72 0.05980204
213 112 0.07400157
213 266 0.09134400
213 274 0.05399859
213 298 0.06343133
214 212 0.06718153
214 216 0.10050279
214 237 0.09241917
214 247 0.07247171
214 260 0.07740381
214 270 0.12978438
215 212 0.13289670
215 230 0.05430908
215 263 0.05523669
215 275 0.08948289
215 284 0.06415110
216 214 0.10050279
216 251 0.06025220
216 267 0.06337505
216 270 0.32600001
216 273 0.07543566
216 592 0.05048971
217 41 0.04984446
217 94 0.04806685
217 172 0.04599719
217 244 0.05119676
217 263 0.08551530
218 3 0.07647995
218 250 0.05692504
218 261 0.06599148
218 271 0.05690626
218 284 0.06412415
219 202 0.19296705
219 211 0.06439372
219 227 0.20513982
219 273 0.09271325
219 276 0.10789932
219 291 0.06958735
219 298 0.53390682
220 41 0.08434401
220 80 0.07678760
220 230 0.08296344
220 254 0.08157098
220 260 0.08711755
220 278 0.05882707
220 285 0.13797739
221 200 0.15438316
221 203 0.10143294
221 204 0.05954606
221 206 0.11059537
221 207 0.04535584
221 208 0.11851459
221 229 0.34342557
221 239 0.24863771
221 261 0.14335856
221 286 0.19283027
222 234 0.12057176
222 262 0.12460274
222 292 0.05402277
222 294 0.20684488
222 299 0.11804987
222 345 0.14020296
223 206 0.10482098
223 209 0.06218659
223 226 0.07424820
223 261 0.06234665
223 278 0.05506350
224 200 0.07865779
224 201 0.05455141
224 210 0.11754651
224 231 0.33238395
224 255 0.06788900
224 281 0.11120278
224 282 0.07949970
225 162 0.06801559
225 200 0.11092340
225 249 0.06507471
225 257 0.15350522
225 258 0.13697120
226 208 0.08652445
226 223 0.07424820
226 230 0.09607165
226 236 0.10378643
226 246 0.24413487
226 276 0.10916313
226 292 0.05812151
226 296 0.10729386
227 202 0.16834570
227 219 0.20513982
227 261 0.10512591
227 269 0.12251732
227 287 0.06924867
227 295 0.12275827
227 298 0.13258362
228 166 0.05727146
228 203 0.05764193
228 245 0.05809545
228 254 0.05982002
228 275 0.06638734
229 206 0.13530662
229 221 0.34342557
229 239 0.28156108
229 261 0.07011379
229 322 0.07963660
230 73 0.10793413
230 94 0.12494648
230 163 0.11815851
230 209 0.05754395
230 215 0.05430908
230 220 0.08296344
230 226 0.09607165
230 232 0.09410264
230 235 0.06152461
230 238 0.06220082
230 245 0.11365170
230 249 0.08348085
230 250 0.04898583
230 256 0.04769196
230 259 0.06599410
230 279 0.04936723
230 291 0.06638107
230 295 0.08762558
230 515 0.10480498
231 200 0.24075814
231 201 0.05207153
231 204 0.07443792
231 209 0.05647040
231 210 0.09938692
231 224 0.33238395
231 282 0.15778247
231 283 0.08001689
231 287 0.05396374
231 299 0.09347878
232 52 0.07760761
232 211 0.29457954
232 230 0.09410264
232 249 0.07018393
232 254 0.08445479
232 266 0.07743495
233 209 0.38208903
233 210 0.20151744
233 253 0.20673546
233 255 0.09371827
233 264 0.06433074
233 278 0.06332436
233 288 0.13064189
234 222 0.12057176
234 245 0.10063441
234 256 0.04894753
234 262 0.11175355
234 294 0.77961007
234 299 0.09221982
235 230 0.06152461
235 249 0.06183478
235 261 0.05015936
235 442 0.04939617
235 593 0.05118431
236 226 0.10378643
236 242 0.19735249
236 251 0.76932959
236 269 0.07374156
236 524 0.07336084
237 146 0.06842182
237 202 0.06664428
237 214 0.09241917
237 238 0.06697196
237 266 0.09395759
238 175 0.08454491
238 206 0.08139174
238 212 0.10809803
238 230 0.06220082
238 237 0.06697196
238 250 0.04993848
239 201 0.04027928
239 206 0.08226529
239 221 0.24863771
239 229 0.28156108
239 274 0.07495904
239 322 0.13834162
240 245 0.11155789
240 246 0.12933336
240 269 0.11144180
240 276 0.09417405
240 289 0.57598312
240 295 0.12142168
241 8 0.08851833
241 272 0.16931079
241 284 0.07765179
241 410 0.07967942
241 510 0.08634401
242 10 0.07139023
242 177 0.05828512
242 236 0.19735249
242 251 0.20478799
242 259 0.13878752
242 394 0.05821989
242 408 0.07054477
243 112 0.05356343
243 154 0.05994197
243 205 0.06525351
243 259 0.08032284
243 260 0.06662268
243 266 0.16648631
243 276 0.07140013
243 462 0.07049944
244 169 0.07538961
244 173 0.06449140
244 211 0.07227418
244 217 0.05119676
244 250 0.07082732
244 260 0.10376949
244 263 0.11413041
244 279 0.04691359
244 282 0.08559206
244 285 0.08435030
244 288 0.07669988
244 296 0.14933975
245 42 0.06813536
245 228 0.05809545
245 230 0.11365170
245 234 0.10063441
245 240 0.11155789
245 262 0.14154953
245 289 0.11231953
245 294 0.10946320
246 226 0.24413487
246 240 0.12933336
246 248 0.06412229
246 269 0.16904409
246 292 0.13360562
246 295 0.16818514
247 214 0.07247171
247 284 0.07252190
247 442 0.07140646
247 482 0.06503866
247 516 0.07192676
248 208 0.08635166
248 246 0.06412229
248 281 0.06463151
248 411 0.06455238
248 522 0.07111946
248 578 0.06004635
249 200 0.06833657
249 212 0.04930351
249 225 0.06507471
249 230 0.08348085
249 232 0.07018393
249 235 0.06183478
249 258 0.21226072
250 218 0.05692504
250 230 0.04898583
250 238 0.04993848
250 244 0.07082732
250 271 0.06252089
251 10 0.05973282
251 216 0.06025220
251 236 0.76932959
251 242 0.20478799
251 280 0.28646789
251 289 0.28905181
251 293 0.27881486
252 266 0.10217771
252 325 0.07737387
252 350 0.06621636
252 410 0.06694484
252 445 0.06924015
253 210 0.31953551
253 233 0.20673546
253 255 0.18249454
253 260 0.05539553
253 370 0.05351250
254 220 0.08157098
254 228 0.05982002
254 232 0.08445479
254 266 0.08941596
254 275 0.07275543
254 284 0.10842227
254 478 0.04531805
255 210 0.23736441
255 224 0.06788900
255 233 0.09371827
255 253 0.18249454
255 267 0.18504398
256 230 0.04769196
256 234 0.04894753
256 261 0.05204687
256 294 0.05754302
256 432 0.04707275
257 210 0.07303555
257 225 0.15350522
257 267 0.06099482
257 362 0.08160049
257 543 0.06812768
258 173 0.04915020
258 200 0.12656400
258 225 0.13697120
258 249 0.21226072
258 352 0.05333691
259 212 0.05339708
259 230 0.06599410
259 242 0.13878752
259 243 0.08032284
259 266 0.08169703
259 295 0.07644104
260 211 0.08284892
260 214 0.07740381
260 220 0.08711755
260 243 0.06662268
260 244 0.10376949
260 253 0.05539553
260 266 0.11742239
260 282 0.09020763
261 198 0.06253660
261 203 0.10132400
261 207 0.04495460
261 218 0.06599148
261 221 0.14335856
261 223 0.06234665
261 227 0.10512591
261 229 0.07011379
261 235 0.05015936
261 256 0.05204687
261 263 0.11870003
261 299 0.08357943
261 549 0.03861862
262 207 0.04412204
262 222 0.12460274
262 234 0.11175355
262 245 0.14154953
262 294 0.12309499
262 299 0.08189167
263 198 0.05648725
263 204 0.05296570
263 215 0.05523669
263 217 0.08551530
263 244 0.11413041
263 261 0.11870003
263 264 0.07868265
263 266 0.09191493
263 268 0.05345823
263 274 0.04934694
263 284 0.11730876
264 148 0.05690235
264 198 0.03983255
264 233 0.06433074
264 263 0.07868265
264 271 0.05950460
264 584 0.05739413
265 147 0.05543004
265 277 0.05241015
265 279 0.05207629
265 325 0.05444359
265 495 0.05247838
266 202 0.07438320
266 205 0.08944893
266 207 0.04455924
266 211 0.06774365
266 213 0.09134400
266 232 0.07743495
266 237 0.09395759
266 243 0.16648631
266 252 0.10217771
266 254 0.08941596
266 259 0.08169703
266 260 0.11742239
266 263 0.09191493
266 271 0.10349032
266 276 0.09827670
267 31 0.11634031
267 117 0.05985250
267 210 0.07117329
267 216 0.06337505
267 255 0.18504398
267 257 0.06099482
267 270 0.07465349
267 273 0.09074559
268 124 0.06684931
268 263 0.05345823
268 280 0.04757511
268 296 0.05450952
268 558 0.05260909
269 175 0.07517716
269 227 0.12251732
269 236 0.07374156
269 240 0.11144180
269 246 0.16904409
269 281 0.13929969
269 290 0.13134157
269 295 0.16686060
270 214 0.12978438
270 216 0.32600001
270 267 0.07465349
270 273 0.08625550
270 277 0.14657221
270 283 0.26433219
270 556 0.04020430
271 203 0.20552503
271 218 0.05690626
271 250 0.06252089
271 264 0.05950460
271 266 0.10349032
271 275 0.10168003
271 296 0.09436763
271 368 0.07574338
272 241 0.16931079
272 367 0.05109649
272 368 0.04342100
272 499 0.07316104
272 594 0.04866113
273 53 0.06958245
273 216 0.07543566
273 219 0.09271325
273 267 0.09074559
273 270 0.08625550
273 293 0.06361387
273 298 0.11942536
273 454 0.06972182
274 213 0.05399859
274 239 0.07495904
274 263 0.04934694
274 281 0.05353397
274 342 0.05077340
275 148 0.07445987
275 203 0.09029039
275 215 0.08948289
275 228 0.06638734
275 254 0.07275543
275 271 0.10168003
275 276 0.09812546
275 284 0.09105456
275 569 0.06096775
276 219 0.10789932
276 226 0.10916313
276 240 0.09417405
276 243 0.07140013
276 266 0.09827670
276 275 0.09812546
277 206 0.13155048
277 265 0.05241015
277 270 0.14657221
277 282 0.09656947
277 283 0.28141367
277 299 0.09666280
278 84 0.07264137
278 220 0.05882707
278 223 0.05506350
278 233 0.06332436
278 285 0.06938425
278 584 0.06073968
279 147 0.06709552
279 230 0.04936723
279 244 0.04691359
279 265 0.05207629
279 525 0.04140916
280 251 0.28646789
280 268 0.04757511
280 289 0.40866622
280 293 0.38783544
280 296 0.05119878
281 145 0.04988762
281 175 0.10285917
281 224 0.11120278
281 248 0.06463151
281 269 0.13929969
281 274 0.05353397
281 290 0.26961107
281 411 0.07187727
281 520 0.05876988
281 578 0.10698809
282 202 0.07686700
282 204 0.05512947
282 224 0.07949970
282 231 0.15778247
282 244 0.08559206
282 260 0.09020763
282 277 0.09656947
282 283 0.08989493
282 291 0.07203222
282 299 0.10700019
283 231 0.08001689
283 270 0.26433219
283 277 0.28141367
283 282 0.08989493
283 299 0.11806784
284 207 0.05445949
284 215 0.06415110
284 218 0.06412415
284 241 0.07765179
284 247 0.07252190
284 254 0.10842227
284 263 0.11730876
284 275 0.09105456
284 369 0.15234142
284 593 0.08564595
285 110 0.07176947
285 194 0.05218254
285 220 0.13797739
285 244 0.08435030
285 278 0.06938425
285 288 0.05902101
285 290 0.06528777
286 151 0.07154951
286 200 0.16557199
286 208 0.16902060
286 221 0.19283027
286 315 0.08211509
287 185 0.07125732
287 227 0.06924867
287 231 0.05396374
287 395 0.05845303
287 428 0.05805504
288 209 0.12009487
288 233 0.13064189
288 244 0.07669988
288 285 0.05902101
288 295 0.06257691
289 240 0.57598312
289 245 0.11231953
289 251 0.28905181
289 280 0.40866622
289 293 0.39635443
290 175 0.06243193
290 269 0.13134157
290 281 0.26961107
290 285 0.06528777
290 410 0.07141891
290 543 0.05678993
291 219 0.06958735
291 230 0.06638107
291 282 0.07203222
291 342 0.05919412
291 410 0.06476289
292 206 0.05683129
292 222 0.05402277
292 226 0.05812151
292 246 0.13360562
292 386 0.05622333
293 251 0.27881486
293 273 0.06361387
293 280 0.38783544
293 289 0.39635443
293 454 0.06095767
294 222 0.20684488
294 234 0.77961007
294 245 0.10946320
294 256 0.05754302
294 262 0.12309499
294 299 0.13782662
295 42 0.06580130
295 117 0.06083555
295 227 0.12275827
295 230 0.08762558
295 240 0.12142168
295 246 0.16818514
295 259 0.07644104
295 269 0.16686060
295 288 0.06257691
296 203 0.15429043
296 226 0.10729386
296 244 0.14933975
296 268 0.05450952
296 271 0.09436763
296 280 0.05119878
296 584 0.10132054
297 148 0.06552368
297 366 0.06197776
297 380 0.06816935
297 384 0.06917413
297 598 0.05933167
298 136 0.05269130
298 202 0.21893054
298 213 0.06343133
298 219 0.53390682
298 227 0.13258362
298 273 0.11942536
